time_s,force_n,position_mm
1640.558227026,8.465673607513907,0.0
1640.558427026,54.84708502647677,0.01
1640.5586270259998,55.123291449564846,0.02
1640.558827026,45.80187440305876,0.03
1640.559027026,46.78071786291107,0.04
1640.559227026,36.067830974825206,0.05
1640.5594270259999,72.71808249874147,0.06
1640.559627026,55.79511718227998,0.07
1640.559827026,57.26730497944507,0.08
1640.560027026,48.23217233076599,0.09
1640.560227026,60.331891953718966,0.1
1640.5604270259998,46.19019814202545,0.11
1640.560627026,48.99578680862055,0.12
1640.560827026,51.68452757898316,0.13
1640.561027026,25.998174588287245,0.14
1640.5612270259999,63.77286445281831,0.15
1640.561427026,75.11095155621167,0.16
1640.561627026,31.910819023099553,0.17
1640.561827026,81.63905180266687,0.18
1640.562027026,72.21836340155922,0.19
1640.5622270259998,50.258151115282445,0.2
1640.562427026,63.761869682252524,0.21
1640.562627026,47.75333646603861,0.22
1640.562827026,41.27885584247755,0.23
1640.5630270259999,26.253883231774868,0.24
1640.563227026,71.38582350751699,0.25
1640.563427026,29.365097658906834,0.26
1640.563627026,63.95517297313695,0.27
1640.563827026,43.81093472769814,0.28
1640.5640270259998,61.20942461948866,0.29
1640.564227026,61.17512996664388,0.3
1640.564427026,74.74381961120098,0.31
1640.564627026,56.26834963592569,0.32
1640.5648270259999,44.15052177757028,0.33
1640.565027026,35.69175713658352,0.34
1640.565227026,62.601378528647146,0.35
1640.565427026,44.79981285548507,0.36
1640.565627026,37.80174890709278,0.37
1640.5658270259999,35.2097349979216,0.38
1640.566027026,68.02246517542866,0.39
1640.566227026,26.8617759549344,0.4
1640.566427026,38.83526906666406,0.41
1640.5666270259999,28.757781263987248,0.42
1640.5668270259998,66.21170568771906,0.43
1640.567027026,49.58959787488376,0.44
1640.567227026,91.91211297869121,0.45
1640.567427026,42.541615233375815,0.46
1640.5676270259999,82.66626531627442,0.47
1640.567827026,46.86928907836859,0.48
1640.568027026,66.99382775332,0.49
1640.568227026,63.46280991736211,0.5
1640.5684270259999,35.365413850835665,0.51
1640.5686270259998,39.40333781647082,0.52
1640.568827026,57.59607802247159,0.53
1640.569027026,56.71058448101044,0.54
1640.569227026,69.1173725515995,0.55
1640.5694270259999,41.10853994205857,0.56
1640.569627026,33.28249077479555,0.57
1640.569827026,74.44890206863981,0.58
1640.570027026,73.8320025059122,0.59
1640.5702270259999,41.91469583231145,0.6
1640.5704270259998,59.01768245702427,0.61
1640.570627026,57.890690894735435,0.62
1640.570827026,61.55354346725193,0.63
1640.571027026,62.9463002902296,0.64
1640.5712270259999,37.65239376871484,0.65
1640.571427026,73.89621798277287,0.66
1640.571627026,42.652496278739044,0.67
1640.571827026,9.664844247515276,0.68
1640.572027026,57.039999783082536,0.69
1640.5722270259998,65.16177736908621,0.7
1640.572427026,63.45797668623676,0.71
1640.572627026,29.00791219384534,0.72
1640.572827026,58.48015129091322,0.73
1640.5730270259999,70.11967938555935,0.74
1640.573227026,44.46464125368881,0.75
1640.573427026,53.69459344202145,0.76
1640.573627026,49.32954124852047,0.77
1640.573827026,46.211658972828786,0.78
1640.5740270259998,28.960882932505452,0.79
1640.574227026,61.997726871908625,0.8
1640.574427026,66.55775720851692,0.81
1640.574627026,42.017170263116675,0.82
1640.5748270259999,44.654622094387676,0.83
1640.575027026,41.32843459920569,0.84
1640.575227026,50.58405488874521,0.85
1640.575427026,36.74108591170614,0.86
1640.575627026,65.60056335434734,0.87
1640.5758270259998,89.79573833814709,0.88
1640.576027026,68.7651850004981,0.89
1640.576227026,70.93673732142216,0.9
1640.576427026,31.629958676353695,0.91
1640.5766270259999,89.89808612677948,0.92
1640.576827026,51.449114644123725,0.93
1640.577027026,70.22188235236197,0.94
1640.577227026,41.02818757718355,0.95
1640.577427026,47.82344613903437,0.96
1640.5776270259998,50.27981621036786,0.97
1640.577827026,36.41504961492096,0.98
1640.578027026,46.325150529992435,0.99
1640.578227026,60.05661864070535,1.0
1640.5784270259999,44.78002804169657,1.01
1640.578627026,31.4241838816515,1.02
1640.578827026,63.505357299889035,1.03
1640.579027026,49.65390057893082,1.04
1640.579227026,67.04946506893782,1.05
1640.5794270259998,82.49810176142711,1.06
1640.579627026,34.47664724243453,1.07
1640.579827026,34.30983329390925,1.08
1640.580027026,81.10487816216057,1.09
1640.5802270259999,55.71512443392159,1.1
1640.580427026,29.642410418852748,1.11
1640.580627026,50.072342738617834,1.12
1640.580827026,19.829652314017252,1.13
1640.581027026,46.57804054891266,1.14
1640.5812270259999,36.21125473194949,1.15
1640.581427026,83.0748075214317,1.16
1640.581627026,65.45509373386653,1.17
1640.581827026,42.62370372671204,1.18
1640.5820270259999,38.65605587558128,1.19
1640.5822270259998,36.759156316901894,1.2
1640.582427026,63.558212984643674,1.21
1640.582627026,51.70918499119135,1.22
1640.582827026,38.56377212271308,1.23
1640.5830270259999,43.58758425096114,1.24
1640.583227026,29.984110968143053,1.25
1640.583427026,52.67177593320623,1.26
1640.583627026,30.801106657593664,1.27
1640.5838270259999,20.320754894277222,1.28
1640.5840270259998,63.29674686268966,1.29
1640.584227026,6.5452014590911745,1.3
1640.584427026,28.349491305436736,1.31
1640.584627026,57.605786727659066,1.32
1640.5848270259999,53.810885303432535,1.33
1640.585027026,68.28179439049438,1.34
1640.585227026,32.544083392503346,1.35
1640.585427026,75.55925495531329,1.36
1640.5856270259999,63.705755591791466,1.37
1640.5858270259998,74.83732589147209,1.38
1640.586027026,49.33334277100872,1.39
1640.586227026,50.61618002071117,1.4
1640.586427026,24.608463394598548,1.41
1640.5866270259999,68.51548725567616,1.42
1640.586827026,64.58747565815929,1.43
1640.587027026,52.730922133244476,1.44
1640.587227026,49.481327042913684,1.45
1640.587427026,29.244406866460295,1.46
1640.5876270259998,85.46411543680185,1.47
1640.587827026,77.99647801064255,1.48
1640.588027026,57.64279666302956,1.49
1640.588227026,53.37805907193712,1.5
1640.5884270259999,42.86629180433756,1.51
1640.588627026,46.24564146203646,1.52
1640.588827026,41.62852056525027,1.53
1640.589027026,30.098585236319536,1.54
1640.589227026,46.47327688379546,1.55
1640.5894270259998,55.111174984203934,1.56
1640.589627026,25.90766169639882,1.57
1640.589827026,40.68037683384762,1.58
1640.590027026,32.578448133773634,1.59
1640.5902270259999,19.405237827227836,1.6
1640.590427026,35.764872323205246,1.61
1640.590627026,68.48031614283983,1.62
1640.590827026,28.805506780791,1.63
1640.591027026,54.29974835385906,1.64
1640.5912270259998,19.651462168238048,1.65
1640.591427026,35.84210839916916,1.66
1640.591627026,61.098797884317335,1.67
1640.591827026,62.09567423175259,1.68
1640.5920270259999,53.16402788896056,1.69
1640.592227026,61.43869455832611,1.7
1640.592427026,47.84676688752228,1.71
1640.592627026,46.41941545644423,1.72
1640.592827026,37.0083878875454,1.73
1640.5930270259998,50.61256175559208,1.74
1640.593227026,64.88452615483216,1.75
1640.593427026,64.63627115217066,1.76
1640.593627026,83.1790155874769,1.77
1640.5938270259999,62.05889313450441,1.78
1640.594027026,39.10673612176791,1.79
1640.594227026,51.28552678282932,1.8
1640.594427026,47.27679365311659,1.81
1640.594627026,65.66600616369628,1.82
1640.5948270259998,45.30422020407474,1.83
1640.595027026,58.533398802405316,1.84
1640.595227026,31.39178248744864,1.85
1640.595427026,24.868813788538347,1.86
1640.5956270259999,19.95957146702023,1.87
1640.595827026,37.14322008630037,1.88
1640.596027026,49.24157477897451,1.89
1640.596227026,40.907381418342396,1.9
1640.596427026,50.6852619675064,1.91
1640.5966270259999,26.79721885096056,1.92
1640.596827026,48.254569830817786,1.93
1640.597027026,28.268683238219978,1.94
1640.597227026,48.70217735377594,1.95
1640.5974270259999,51.263843857930176,1.96
1640.5976270259998,43.17322039771578,1.97
1640.597827026,64.28858788988776,1.98
1640.598027026,63.6220515930545,1.99
1640.598227026,26.98244804242873,2.0
1640.5984270259999,41.00417304065479,2.01
1640.598627026,47.27646447746511,2.02
1640.598827026,46.03992804059196,2.03
1640.599027026,53.926328066038316,2.04
1640.5992270259999,44.65300952752793,2.05
1640.5994270259998,38.249697055160006,2.06
1640.599627026,60.46958657895705,2.07
1640.599827026,60.87908458265707,2.08
1640.600027026,58.36383480991577,2.09
1640.6002270259999,61.4555785602451,2.1
1640.600427026,39.27551312815348,2.11
1640.600627026,42.84257768832817,2.12
1640.600827026,29.783954794823387,2.13
1640.6010270259999,63.26296563522246,2.14
1640.6012270259998,30.778529906224463,2.15
1640.601427026,27.944417037686296,2.16
1640.601627026,65.5285210271678,2.17
1640.601827026,76.92552634052362,2.18
1640.6020270259999,46.368787071914696,2.19
1640.602227026,68.65245589826273,2.2
1640.602427026,45.86391582228287,2.21
1640.602627026,42.00451526290847,2.22
1640.6028270259999,56.1363417021661,2.23
1640.6030270259998,33.11848179647403,2.24
1640.603227026,23.83958377503304,2.25
1640.603427026,43.49013570329171,2.26
1640.603627026,14.754564378508618,2.27
1640.6038270259999,77.62637815704775,2.28
1640.604027026,26.636976772770012,2.29
1640.604227026,47.04706657371539,2.3
1640.604427026,53.74690055071329,2.31
1640.604627026,21.110954434400046,2.32
1640.6048270259998,34.14969896643761,2.33
1640.605027026,67.75298950633567,2.34
1640.605227026,67.26985053086202,2.35
1640.605427026,34.97855724030816,2.36
1640.6056270259999,28.875430193687638,2.37
1640.605827026,55.2320618632568,2.38
1640.606027026,69.63279899689778,2.39
1640.606227026,79.57210920326946,2.4
1640.606427026,54.47949825950192,2.41
1640.6066270259998,32.3561814080207,2.42
1640.606827026,30.59823147939107,2.43
1640.607027026,47.109549185055705,2.44
1640.607227026,74.02124681460509,2.45
1640.6074270259999,69.95062625577742,2.46
1640.607627026,43.04474689167182,2.47
1640.607827026,71.62002643846311,2.48
1640.608027026,63.10967810544438,2.49
1640.608227026,52.74652556007716,2.5
1640.6084270259998,72.25238887414136,2.51
1640.608627026,57.56420833395977,2.52
1640.608827026,60.51423383349504,2.53
1640.609027026,54.16786443570099,2.54
1640.6092270259999,54.18602077187289,2.55
1640.609427026,70.19045026172401,2.56
1640.609627026,22.767936778984545,2.57
1640.609827026,65.56334297849503,2.58
1640.610027026,17.372126948782842,2.59
1640.6102270259998,59.16225822257869,2.6
1640.610427026,48.92058744341773,2.61
1640.610627026,29.578027701459217,2.62
1640.610827026,55.941007775936704,2.63
1640.6110270259999,34.837790891875656,2.64
1640.611227026,24.85463239361113,2.65
1640.611427026,55.58287262251187,2.66
1640.611627026,57.9213896699412,2.67
1640.611827026,60.29619087588368,2.68
1640.6120270259999,38.845358914545926,2.69
1640.612227026,55.593438259950716,2.7
1640.612427026,22.42931580930333,2.71
1640.612627026,48.340998404940166,2.72
1640.6128270259999,47.02962215466509,2.73
1640.6130270259998,46.623956712032225,2.74
1640.613227026,51.520068662544496,2.75
1640.613427026,62.924419020600915,2.76
1640.613627026,29.948816535306438,2.77
1640.6138270259999,36.75749547785263,2.78
1640.614027026,34.53661772743216,2.79
1640.614227026,79.34102152145721,2.8
1640.614427026,53.92204895340013,2.81
1640.6146270259999,34.25769020213295,2.82
1640.6148270259998,52.98222722688458,2.83
1640.615027026,32.44670553135685,2.84
1640.615227026,72.98337105191945,2.85
1640.615427026,54.48783312679461,2.86
1640.6156270259999,55.249216811296264,2.87
1640.615827026,38.02081306103787,2.88
1640.616027026,78.07005379847458,2.89
1640.616227026,58.2116595041575,2.9
1640.6164270259999,37.703356685535546,2.91
1640.6166270259998,57.32567767428947,2.92
1640.616827026,64.05973857467825,2.93
1640.617027026,58.35399753413334,2.94
1640.617227026,54.743950268009534,2.95
1640.6174270259999,77.09230332369206,2.96
1640.617627026,42.0617767210644,2.97
1640.617827026,54.82921888374091,2.98
1640.618027026,47.68517126392541,2.99
1640.6182270259999,65.72991359894803,3.0
1640.6184270259998,50.98837465317677,3.01
1640.618627026,26.593008362267202,3.02
1640.618827026,52.02219761283296,3.03
1640.619027026,75.2595053015653,3.04
1640.6192270259999,46.55851499420254,3.05
1640.619427026,59.104454611053356,3.06
1640.619627026,27.711734194337083,3.07
1640.619827026,60.56778913574847,3.08
1640.620027026,58.55145641658985,3.09
1640.6202270259998,53.8619036753701,3.1
1640.620427026,67.99090725293284,3.11
1640.620627026,31.72971777851504,3.12
1640.620827026,32.174533862564004,3.13
1640.6210270259999,22.922154501331185,3.14
1640.621227026,45.95252823682076,3.15
1640.621427026,33.47596937027687,3.16
1640.621627026,51.6466625927589,3.17
1640.621827026,29.196444412863972,3.18
1640.6220270259998,71.33080634915264,3.19
1640.622227026,87.92738574198722,3.2
1640.622427026,24.186350675765862,3.21
1640.622627026,53.710275223460705,3.22
1640.6228270259999,54.795076999973624,3.23
1640.623027026,19.649387148524788,3.24
1640.623227026,73.11007016107956,3.25
1640.623427026,48.414010328816325,3.26
1640.623627026,57.42430473090609,3.27
1640.6238270259998,59.35876383191466,3.28
1640.624027026,87.07056885151661,3.29
1640.624227026,35.203613160440156,3.3
1640.624427026,55.01623872627583,3.31
1640.6246270259999,23.442054587440758,3.32
1640.624827026,87.10011893715694,3.33
1640.625027026,50.314783176962,3.34
1640.625227026,75.14086317144759,3.35
1640.625427026,54.83559518454719,3.36
1640.6256270259998,40.833843603724276,3.37
1640.625827026,52.34845245048196,3.38
1640.626027026,82.11441391017553,3.39
1640.626227026,40.023128355606005,3.4
1640.6264270259999,69.81077915834362,3.41
1640.626627026,38.37538088940337,3.42
1640.626827026,48.055662223513835,3.43
1640.627027026,35.85711599115597,3.44
1640.627227026,42.42437127824098,3.45
1640.6274270259999,55.32563584798938,3.46
1640.627627026,62.860672029265885,3.47
1640.627827026,46.73333439002966,3.48
1640.628027026,61.799266243404404,3.49
1640.6282270259999,50.03152331085481,3.5
1640.628427026,76.57508186996408,3.51
1640.628627026,51.81551162123526,3.52
1640.628827026,42.246261293929955,3.53
1640.629027026,44.64575762878902,3.54
1640.6292270259999,77.15662026193048,3.55
1640.629427026,70.34339547362538,3.56
1640.629627026,20.541928292392,3.57
1640.629827026,77.5637144554727,3.58
1640.6300270259999,66.90649519038583,3.59
1640.6302270259998,54.8792092517511,3.6
1640.630427026,48.76653488376895,3.61
1640.630627026,57.86962544919157,3.62
1640.630827026,66.25627484569605,3.63
1640.6310270259999,62.59082734299653,3.64
1640.631227026,43.31365899714436,3.65
1640.631427026,14.521354842258368,3.66
1640.631627026,31.400135284350654,3.67
1640.6318270259999,49.42463223315799,3.68
1640.6320270259998,34.68259256595591,3.69
1640.632227026,54.259508549430066,3.7
1640.632427026,35.978118868934864,3.71
1640.632627026,48.38370351608,3.72
1640.6328270259999,68.68938474152777,3.73
1640.633027026,25.036067592682613,3.74
1640.633227026,62.14383141682393,3.75
1640.633427026,17.304611213492933,3.76
1640.6336270259999,45.67289642702974,3.77
1640.6338270259998,52.51491049552547,3.78
1640.634027026,51.09145090760013,3.79
1640.634227026,56.306269752768415,3.8
1640.634427026,49.537714839102655,3.81
1640.6346270259999,63.69701788828662,3.82
1640.634827026,53.64019369423816,3.83
1640.635027026,52.12808246473377,3.84
1640.635227026,43.51358898591493,3.85
1640.635427026,59.034800837986275,3.86
1640.6356270259998,27.160475882014392,3.87
1640.635827026,46.61287320299919,3.88
1640.636027026,39.67296690331167,3.89
1640.636227026,67.45957494648967,3.9
1640.6364270259999,72.02046963952145,3.91
1640.636627026,23.75946322212689,3.92
1640.636827026,42.06179796323042,3.93
1640.637027026,60.2990774144899,3.94
1640.637227026,63.73885900048113,3.95
1640.6374270259998,65.53317081132472,3.96
1640.637627026,81.77487036555395,3.97
1640.637827026,58.69597530738129,3.98
1640.638027026,44.895437558432924,3.99
1640.6382270259999,39.522664797721006,4.0
1640.638427026,39.512395807065445,4.01
1640.638627026,75.02083363877742,4.02
1640.638827026,46.766382412597544,4.03
1640.639027026,43.96778857563075,4.04
1640.6392270259998,41.428905169771824,4.05
1640.639427026,80.87334689988234,4.06
1640.639627026,43.22976893281703,4.07
1640.639827026,24.650768463482702,4.08
1640.6400270259999,72.18115906606047,4.09
1640.640227026,41.27352479272187,4.1
1640.640427026,41.775296555167984,4.11
1640.640627026,35.72702225617285,4.12
1640.640827026,47.6360843451636,4.13
1640.6410270259998,51.337459537560456,4.14
1640.641227026,42.12278830844819,4.15
1640.641427026,65.6336221698185,4.16
1640.641627026,50.53944459683913,4.17
1640.6418270259999,22.7967969547584,4.18
1640.642027026,25.065234225640307,4.19
1640.642227026,63.91607192288989,4.2
1640.642427026,49.49570318028524,4.21
1640.642627026,69.45027415969473,4.22
1640.6428270259998,51.56212414127565,4.23
1640.643027026,35.812529885243706,4.24
1640.643227026,74.40308781478785,4.25
1640.643427026,34.55053896400776,4.26
1640.6436270259999,39.26542266866759,4.27
1640.643827026,73.46840790829974,4.28
1640.644027026,40.13751798355533,4.29
1640.644227026,97.79042451025927,4.3
1640.644427026,26.14582426970648,4.31
1640.6446270259999,58.534401843218205,4.32
1640.644827026,33.37744988315663,4.33
1640.645027026,42.97818626613167,4.34
1640.645227026,53.057871337133484,4.35
1640.6454270259999,49.1624281809861,4.36
1640.6456270259998,41.440716252828246,4.37
1640.645827026,52.615592637344896,4.38
1640.646027026,10.19195710872053,4.39
1640.646227026,50.56782207253887,4.4
1640.6464270259999,45.40579529224162,4.41
1640.646627026,45.18152759638265,4.42
1640.646827026,43.976129695923596,4.43
1640.647027026,43.20425320050196,4.44
1640.6472270259999,46.8765228680319,4.45
1640.6474270259998,47.66591466939634,4.46
1640.647627026,73.01706252582531,4.47
1640.647827026,54.17380231698055,4.48
1640.648027026,58.356737145271225,4.49
1640.6482270259999,34.25053616384446,4.5
1640.648427026,45.41494158427161,4.51
1640.648627026,6.287495357358061,4.52
1640.648827026,54.72656006120828,4.53
1640.6490270259999,54.226672352536156,4.54
1640.6492270259998,41.33574842734627,4.55
1640.649427026,35.80805216634509,4.56
1640.649627026,80.62915642762607,4.57
1640.649827026,66.8700289101196,4.58
1640.6500270259999,49.45751129777884,4.59
1640.650227026,61.08322396531758,4.6
1640.650427026,49.134960115770085,4.61
1640.650627026,66.65337531699178,4.62
1640.650827026,46.61435567676764,4.63
1640.6510270259998,46.414433698136435,4.64
1640.651227026,85.32589975459831,4.65
1640.651427026,77.55905117204682,4.66
1640.651627026,52.438727791066604,4.67
1640.6518270259999,49.47624002369105,4.68
1640.652027026,39.22876478985664,4.69
1640.652227026,56.16047985185394,4.7
1640.652427026,71.14771853139703,4.71
1640.652627026,53.08686346575081,4.72
1640.6528270259998,65.14539419040777,4.73
1640.653027026,32.98325163464345,4.74
1640.653227026,55.33917398019807,4.75
1640.653427026,48.39625052879085,4.76
1640.6536270259999,29.654484368205686,4.77
1640.653827026,42.91094768631347,4.78
1640.654027026,52.011631952728195,4.79
1640.654227026,56.731090708071385,4.8
1640.654427026,66.20805684620397,4.81
1640.6546270259998,73.25553282053875,4.82
1640.654827026,43.03878748759068,4.83
1640.655027026,45.68839647393397,4.84
1640.655227026,49.87317509141634,4.85
1640.6554270259999,45.32296229698525,4.86
1640.655627026,39.207715332122035,4.87
1640.655827026,61.94660979072158,4.88
1640.656027026,17.421838087180873,4.89
1640.656227026,46.38700089290543,4.9
1640.6564270259998,42.362852561127795,4.91
1640.656627026,54.566354655961916,4.92
1640.656827026,57.89613110002902,4.93
1640.657027026,70.7161884854986,4.94
1640.6572270259999,29.301539429718858,4.95
1640.657427026,59.08323929767418,4.96
1640.657627026,53.05033228779131,4.97
1640.657827026,63.33984245500422,4.98
1640.658027026,48.05437374784939,4.99
1640.6582270259998,42.96896725264763,5.0
1640.658427026,79.22240448262698,5.01
1640.658627026,80.04008368837239,5.02
1640.658827026,53.69809581639938,5.03
1640.6590270259999,53.523837459905955,5.04
1640.659227026,29.347909419103555,5.05
1640.659427026,33.19806534933191,5.06
1640.659627026,55.18520817779172,5.07
1640.659827026,26.250857648229484,5.08
1640.6600270259999,40.41211573372028,5.09
1640.660227026,44.23299278229411,5.1
1640.660427026,39.39683281875009,5.11
1640.660627026,61.33627457145012,5.12
1640.6608270259999,56.26449466507114,5.13
1640.6610270259998,35.80554522994251,5.14
1640.661227026,49.38205771015084,5.15
1640.661427026,86.37231337214061,5.16
1640.661627026,27.294324021758147,5.17
1640.6618270259999,65.26982878807218,5.18
1640.662027026,52.49471321573877,5.19
1640.662227026,43.48315393669342,5.2
1640.662427026,53.015205415821896,5.21
1640.6626270259999,75.17936623523819,5.22
1640.6628270259998,83.83856929389287,5.23
1640.663027026,34.92722117905703,5.24
1640.663227026,64.78584130291443,5.25
1640.663427026,44.29551331119542,5.26
1640.6636270259999,40.52627604926993,5.27
1640.663827026,30.495534723930806,5.28
1640.664027026,46.95074897962409,5.29
1640.664227026,52.56761441202186,5.3
1640.6644270259999,57.612659413646554,5.31
1640.6646270259998,59.76747736953851,5.32
1640.664827026,21.55199354967397,5.33
1640.665027026,50.115273989102015,5.34
1640.665227026,34.72722791563944,5.35
1640.6654270259999,37.12407184320632,5.36
1640.665627026,65.5347886084023,5.37
1640.665827026,62.235608285772685,5.38
1640.666027026,63.79080169502107,5.39
1640.666227026,46.627877417874515,5.4
1640.6664270259998,30.682719213291275,5.41
1640.666627026,49.55886689646787,5.42
1640.666827026,17.030584271173844,5.43
1640.667027026,57.934947898188746,5.44
1640.6672270259999,35.925510469171755,5.45
1640.667427026,49.89263941400599,5.46
1640.667627026,53.058897212872424,5.47
1640.667827026,35.01741929338403,5.48
1640.668027026,44.00001454096775,5.49
1640.6682270259998,25.801255032857227,5.5
1640.668427026,26.09285586540919,5.51
1640.668627026,26.27843279781756,5.52
1640.668827026,41.95993254407766,5.53
1640.6690270259999,51.75869327300241,5.54
1640.669227026,69.54223689931963,5.55
1640.669427026,55.21084328097923,5.56
1640.669627026,51.001175368551124,5.57
1640.669827026,54.63209647613036,5.58
1640.6700270259998,59.917598868077434,5.59
1640.670227026,40.484108739619046,5.6
1640.670427026,41.291051136637414,5.61
1640.670627026,58.42816099842479,5.62
1640.6708270259999,68.57954398434276,5.63
1640.671027026,56.53659913277748,5.64
1640.671227026,71.85024826514311,5.65
1640.671427026,32.48732897653724,5.66
1640.671627026,23.78287149657368,5.67
1640.6718270259998,50.91208901569681,5.68
1640.672027026,61.69647931769329,5.69
1640.672227026,45.01019591211875,5.7
1640.672427026,50.848099154376385,5.71
1640.6726270259999,60.55767730883508,5.72
1640.672827026,29.228962306376797,5.73
1640.673027026,49.365061184836826,5.74
1640.673227026,35.97873470713982,5.75
1640.673427026,25.11569837984545,5.76
1640.6736270259998,59.10282400157007,5.77
1640.673827026,52.19170029916401,5.78
1640.674027026,35.33173487552381,5.79
1640.674227026,51.15474034761955,5.8
1640.6744270259999,45.122672581328075,5.81
1640.674627026,50.382863106892266,5.82
1640.674827026,57.33475986166347,5.83
1640.675027026,67.21708861988667,5.84
1640.675227026,43.13445665178081,5.85
1640.6754270259999,44.43490360694677,5.86
1640.675627026,66.61309049871366,5.87
1640.675827026,45.94866304196374,5.88
1640.676027026,40.261953513951795,5.89
1640.6762270259999,75.14973645758558,5.9
1640.6764270259998,50.722959333577016,5.91
1640.676627026,25.779276593963047,5.92
1640.676827026,6.841695813687473,5.93
1640.677027026,34.919373996687575,5.94
1640.6772270259999,51.72319470300301,5.95
1640.677427026,41.88794817691016,5.96
1640.677627026,55.718026532438685,5.97
1640.677827026,68.89821379593705,5.98
1640.6780270259999,26.083180814578128,5.99
1640.6782270259998,48.2576672560728,6.0
1640.678427026,35.48516608081686,6.01
1640.678627026,43.61914584864826,6.02
1640.678827026,48.68138558752041,6.03
1640.6790270259999,57.2569909718449,6.04
1640.679227026,46.47946134568995,6.05
1640.679427026,57.535693291128716,6.06
1640.679627026,48.23242214999933,6.07
1640.6798270259999,49.01782521014533,6.08
1640.6800270259998,41.63511082475044,6.09
1640.680227026,72.00713891115657,6.1
1640.680427026,78.77083513330675,6.11
1640.680627026,63.78323214206053,6.12
1640.6808270259999,25.65030283683938,6.13
1640.681027026,57.04734152576662,6.14
1640.681227026,46.573048969163665,6.15
1640.681427026,51.28381861642734,6.16
1640.681627026,61.90908085319376,6.17
1640.6818270259998,58.69319673834661,6.18
1640.682027026,61.658387198002245,6.19
1640.682227026,57.026790175819464,6.2
1640.682427026,28.451890236353027,6.21
1640.6826270259999,23.944268175212983,6.22
1640.682827026,64.46899588983504,6.23
1640.683027026,73.97032073418184,6.24
1640.683227026,75.67588292657884,6.25
1640.683427026,72.33199087869316,6.26
1640.6836270259998,43.06472037223406,6.27
1640.683827026,80.73320104182461,6.28
1640.684027026,57.080460821773755,6.29
1640.684227026,52.222158433612364,6.3
1640.6844270259999,60.536170695139006,6.31
1640.684627026,52.14714381701246,6.32
1640.684827026,54.30969790781209,6.33
1640.685027026,27.40499452867075,6.34
1640.685227026,58.92948544734545,6.35
1640.6854270259998,59.72503017356611,6.36
1640.685627026,61.34927552715941,6.37
1640.685827026,27.196601391690933,6.38
1640.686027026,37.88989646572448,6.39
1640.6862270259999,62.02066717909105,6.4
1640.686427026,69.76349925742639,6.41
1640.686627026,45.037465294544376,6.42
1640.686827026,86.22737887105703,6.43
1640.687027026,46.869382876555875,6.44
1640.6872270259998,55.39210873117622,6.45
1640.687427026,35.05166736563592,6.46
1640.687627026,44.56098412361904,6.47
1640.687827026,28.63600208273654,6.48
1640.6880270259999,70.07525774491235,6.49
1640.688227026,47.587633812337565,6.5
1640.688427026,65.77611072835914,6.51
1640.688627026,32.53653529597483,6.52
1640.688827026,11.4883639063031,6.53
1640.6890270259998,74.4358086150765,6.54
1640.689227026,50.5721656951456,6.55
1640.689427026,49.39073699141656,6.56
1640.689627026,12.568450915867032,6.57
1640.6898270259999,46.24297619928786,6.58
1640.690027026,33.348928376133145,6.59
1640.690227026,25.966050597096725,6.6
1640.690427026,51.90491676333735,6.61
1640.690627026,59.81230635711226,6.62
1640.6908270259999,48.065412582970374,6.63
1640.691027026,62.2888148280718,6.64
1640.691227026,55.556936777887636,6.65
1640.691427026,42.26466307372199,6.66
1640.6916270259999,31.79544970636663,6.67
1640.6918270259998,12.54016155800042,6.68
1640.692027026,53.814696679796775,6.69
1640.692227026,51.55731578623383,6.7
1640.692427026,59.502194320706025,6.71
1640.6926270259999,91.75885705713034,6.72
1640.692827026,72.10678195362104,6.73
1640.693027026,37.92858230133715,6.74
1640.693227026,42.37390329268334,6.75
1640.6934270259999,55.74409661261038,6.76
1640.6936270259998,63.69830904074391,6.77
1640.693827026,60.29947873919494,6.78
1640.694027026,70.77232427130664,6.79
1640.694227026,21.22131150680963,6.8
1640.6944270259999,53.85450323680659,6.81
1640.694627026,32.446351492252916,6.82
1640.694827026,70.57930568935555,6.83
1640.695027026,40.5586456267125,6.84
1640.6952270259999,45.280461212261315,6.85
1640.6954270259998,39.196279897490584,6.86
1640.695627026,45.1684803608322,6.87
1640.695827026,39.89924065590111,6.88
1640.696027026,53.469787623938004,6.89
1640.6962270259999,51.345294842446286,6.9
1640.696427026,44.65419027456967,6.91
1640.696627026,62.43632970563926,6.92
1640.696827026,48.06086087771549,6.93
1640.697027026,61.22218249147639,6.94
1640.6972270259998,56.51449841828829,6.95
1640.697427026,16.775554801292806,6.96
1640.697627026,96.98093071009185,6.97
1640.697827026,73.76935873128667,6.98
1640.6980270259999,54.51460520503914,6.99
1640.698227026,70.03991394179555,7.0
1640.698427026,61.7249842600218,7.01
1640.698627026,61.616921328256204,7.02
1640.698827026,55.306563641675886,7.03
1640.6990270259998,49.13594696444599,7.04
1640.699227026,27.443866236608727,7.05
1640.699427026,52.676256407644665,7.06
1640.699627026,51.201887219220076,7.07
1640.6998270259999,48.52361429861846,7.08
1640.700027026,41.88364949961229,7.09
1640.700227026,64.42676391930095,7.1
1640.700427026,65.27890930574489,7.11
1640.700627026,48.397800008468636,7.12
1640.7008270259998,15.230583606252814,7.13
1640.701027026,42.360160005185435,7.14
1640.701227026,46.068332431231724,7.15
1640.701427026,66.86214750536519,7.16
1640.7016270259999,56.15856653875272,7.17
1640.701827026,61.89106839746414,7.18
1640.702027026,67.15115120299589,7.19
1640.702227026,69.22193018019658,7.2
1640.702427026,27.486567212188646,7.21
1640.7026270259998,45.808333876629895,7.22
1640.702827026,40.36119437863701,7.23
1640.703027026,70.78502549831835,7.24
1640.703227026,49.19251344400064,7.25
1640.7034270259999,53.69452426188841,7.26
1640.703627026,58.795772919754754,7.27
1640.703827026,72.97478508521107,7.28
1640.704027026,63.03126331374483,7.29
1640.704227026,69.34029530800001,7.3
1640.7044270259998,47.573127761702196,7.31
1640.704627026,55.677152982765136,7.32
1640.704827026,49.872645700415895,7.33
1640.705027026,51.11729506138692,7.34
1640.7052270259999,66.437936650746,7.35
1640.705427026,70.97478752787288,7.36
1640.705627026,59.71636805121478,7.37
1640.705827026,39.647395811618296,7.38
1640.706027026,51.54633144719861,7.39
1640.7062270259999,39.71639976773873,7.4
1640.706427026,34.05955343133495,7.41
1640.706627026,61.8110582707218,7.42
1640.706827026,56.071835612983804,7.43
1640.7070270259999,35.90639604100505,7.44
1640.7072270259998,51.9271158116316,7.45
1640.707427026,63.97325371015146,7.46
1640.707627026,32.52430306896396,7.47
1640.707827026,52.01998388085986,7.48
1640.7080270259999,14.057646219860075,7.49
1640.708227026,31.998673299653333,7.5
1640.708427026,40.69782120409428,7.51
1640.708627026,59.287172246518566,7.52
1640.7088270259999,41.41535502385308,7.53
1640.7090270259998,74.96480833812846,7.54
1640.709227026,39.43055724348158,7.55
1640.709427026,27.64537776934263,7.56
1640.709627026,15.06097490957984,7.57
1640.7098270259999,64.27635301679061,7.58
1640.710027026,30.348557162915185,7.59
1640.710227026,61.45836444660086,7.6
1640.710427026,56.6119642742719,7.61
1640.7106270259999,32.406998631860574,7.62
1640.7108270259998,44.305050568554755,7.63
1640.711027026,26.17735927969263,7.64
1640.711227026,45.57923150060723,7.65
1640.711427026,40.21286934355062,7.66
1640.7116270259999,57.27764978991546,7.67
1640.711827026,63.488384155223756,7.68
1640.712027026,38.305032076171074,7.69
1640.712227026,47.13647376181104,7.7
1640.712427026,39.91844914779881,7.71
1640.7126270259998,39.68573138708815,7.72
1640.712827026,79.52744042046123,7.73
1640.713027026,29.28659205790198,7.74
1640.713227026,46.81788248027031,7.75
1640.7134270259999,44.74621383821594,7.76
1640.713627026,30.573628670704164,7.77
1640.713827026,69.92522487162643,7.78
1640.714027026,49.508684064981544,7.79
1640.714227026,34.684491428052056,7.8
1640.7144270259998,61.31649346933259,7.81
1640.714627026,68.06349436528814,7.82
1640.714827026,49.941766000548384,7.83
1640.715027026,56.50493287824884,7.84
1640.7152270259999,52.43732422370442,7.85
1640.715427026,44.21087690077976,7.86
1640.715627026,59.51492923203536,7.87
1640.715827026,57.444582954347574,7.88
1640.716027026,49.525893887939816,7.89
1640.7162270259998,57.49413751835193,7.9
1640.716427026,45.440606852283494,7.91
1640.716627026,55.72791233128449,7.92
1640.716827026,69.43915061727235,7.93
1640.7170270259999,76.54310001406294,7.94
1640.717227026,48.55677829603099,7.95
1640.717427026,30.110848681307544,7.96
1640.717627026,35.265238205298324,7.97
1640.717827026,53.96003403721899,7.98
1640.7180270259998,55.68831833700246,7.99
1640.718227026,60.86289251378915,8.0
1640.718427026,36.86932172010423,8.01
1640.718627026,41.496446472787525,8.02
1640.7188270259999,50.053146468922144,8.03
1640.719027026,79.63190713574495,8.04
1640.719227026,44.57329861000204,8.05
1640.719427026,54.36671099963178,8.06
1640.719627026,40.82883149746135,8.07
1640.7198270259998,21.365396998838172,8.08
1640.720027026,47.2720044032787,8.09
1640.720227026,36.38710670383982,8.1
1640.720427026,41.81327775137318,8.11
1640.7206270259999,62.94048882300931,8.12
1640.720827026,46.757824721112044,8.13
1640.721027026,23.133456581541058,8.14
1640.721227026,68.58024881813755,8.15
1640.721427026,74.03954754094988,8.16
1640.7216270259999,35.617092895822715,8.17
1640.721827026,46.667981163641414,8.18
1640.722027026,63.42337246989581,8.19
1640.722227026,63.01920844083423,8.2
1640.7224270259999,62.59619381848988,8.21
1640.7226270259998,36.18855297067434,8.22
1640.722827026,46.92664674036251,8.23
1640.723027026,40.288845356893106,8.24
1640.723227026,46.60520013161272,8.25
1640.7234270259999,11.8072365206487,8.26
1640.723627026,45.05612169838954,8.27
1640.723827026,66.8881300290675,8.28
1640.724027026,45.313694162613444,8.29
1640.7242270259999,58.06520512860353,8.3
1640.7244270259998,62.48506085289602,8.31
1640.724627026,39.494968580972824,8.32
1640.724827026,18.70425344437587,8.33
1640.725027026,18.77980176387952,8.34
1640.7252270259999,44.67564763069392,8.35
1640.725427026,43.341042768940945,8.36
1640.725627026,31.400763334776787,8.37
1640.725827026,65.21275886769172,8.38
1640.7260270259999,73.24899446846602,8.39
1640.7262270259998,73.20484316482242,8.4
1640.726427026,50.38510143921922,8.41
1640.726627026,62.972909271777034,8.42
1640.726827026,52.98182950551882,8.43
1640.7270270259999,67.03697842314861,8.44
1640.727227026,67.74841790693715,8.45
1640.727427026,49.40025452392281,8.46
1640.727627026,67.94066266758998,8.47
1640.7278270259999,40.4042852965823,8.48
1640.7280270259998,54.32220187009726,8.49
1640.728227026,62.257314405513526,8.5
1640.728427026,60.509359665763256,8.51
1640.728627026,33.518402902477334,8.52
1640.7288270259999,70.10291400486699,8.53
1640.729027026,58.927752515455225,8.54
1640.729227026,64.27132067893109,8.55
1640.729427026,53.80500913965318,8.56
1640.729627026,26.928082141817598,8.57
1640.7298270259998,40.810473597288386,8.58
1640.730027026,54.6713967814365,8.59
1640.730227026,35.14333119132453,8.6
1640.730427026,52.0087150811742,8.61
1640.7306270259999,34.54754599777933,8.62
1640.730827026,59.138217956641384,8.63
1640.731027026,28.43185398848999,8.64
1640.731227026,62.65146623172331,8.65
1640.731427026,60.712351236572815,8.66
1640.7316270259998,46.76406220102908,8.67
1640.731827026,65.2800948320983,8.68
1640.732027026,42.73706836487225,8.69
1640.732227026,56.05035579791287,8.7
1640.7324270259999,48.52092565100688,8.71
1640.732627026,53.96120341714839,8.72
1640.732827026,61.84598354411284,8.73
1640.733027026,37.42560585759047,8.74
1640.733227026,22.08076513047734,8.75
1640.7334270259998,51.692108418926,8.76
1640.733627026,39.74616155506662,8.77
1640.733827026,32.248920074508895,8.78
1640.734027026,50.346100621749194,8.79
1640.7342270259999,53.11592500605427,8.8
1640.734427026,58.62775883777596,8.81
1640.734627026,42.91234402750318,8.82
1640.734827026,64.98622711966755,8.83
1640.735027026,30.659062280226202,8.84
1640.7352270259998,26.1627087109257,8.85
1640.735427026,74.16826783222938,8.86
1640.735627026,66.62923669993731,8.87
1640.735827026,51.870942202304626,8.88
1640.7360270259999,40.76676736295734,8.89
1640.736227026,50.29262749207007,8.9
1640.736427026,43.1172447205351,8.91
1640.736627026,48.97050816722434,8.92
1640.736827026,47.80792439037682,8.93
1640.7370270259999,57.933248137210306,8.94
1640.737227026,58.69528508933911,8.95
1640.737427026,39.82552543592796,8.96
1640.737627026,32.414781775613434,8.97
1640.7378270259999,62.252460601876166,8.98
1640.7380270259998,20.073220501222963,8.99
1640.738227026,56.622437749089954,9.0
1640.738427026,46.95421792138641,9.01
1640.738627026,72.771887394914,9.02
1640.7388270259999,38.399329712937,9.03
1640.739027026,53.1990184943062,9.04
1640.739227026,43.793280584273816,9.05
1640.739427026,52.204968888932946,9.06
1640.7396270259999,58.9162651182549,9.07
1640.7398270259998,45.89620075667394,9.08
1640.740027026,57.273811957016214,9.09
1640.740227026,69.74816742543305,9.1
1640.740427026,77.55320254169877,9.11
1640.7406270259999,25.667153670326257,9.12
1640.740827026,41.28213226277157,9.13
1640.741027026,45.0407116900607,9.14
1640.741227026,48.21841526737705,9.15
1640.7414270259999,57.13446225007783,9.16
1640.7416270259998,57.010107838792216,9.17
1640.741827026,61.394383933065484,9.18
1640.742027026,44.3277545891814,9.19
1640.742227026,58.29533783176242,9.2
1640.7424270259999,53.043194716712115,9.21
1640.742627026,60.234001342029316,9.22
1640.742827026,30.672654540341114,9.23
1640.743027026,50.78606694005595,9.24
1640.7432270259999,36.609407132900884,9.25
1640.7434270259998,38.12662897062435,9.26
1640.743627026,33.21025854211578,9.27
1640.743827026,41.41371400991798,9.28
1640.744027026,79.14644254710959,9.29
1640.7442270259999,53.94973430366966,9.3
1640.744427026,19.734065957219318,9.31
1640.744627026,53.04262094392843,9.32
1640.744827026,52.03703430565489,9.33
1640.745027026,65.27470246991854,9.34
1640.7452270259998,81.95575529624986,9.35
1640.745427026,46.60754688820778,9.36
1640.745627026,40.68605664488858,9.37
1640.745827026,85.95193871905693,9.38
1640.7460270259999,65.63019677810466,9.39
1640.746227026,32.13018571101625,9.4
1640.746427026,37.06249847459506,9.41
1640.746627026,57.18837962669735,9.42
1640.746827026,66.36562093876418,9.43
1640.7470270259998,48.8162482395943,9.44
1640.747227026,28.553349337611806,9.45
1640.747427026,36.88573316555562,9.46
1640.747627026,32.849767935069295,9.47
1640.7478270259999,34.00978115601136,9.48
1640.748027026,52.92255838206774,9.49
1640.748227026,49.587019268764166,9.5
1640.748427026,28.771009146443316,9.51
1640.748627026,61.75045056190586,9.52
1640.7488270259998,33.05364324132802,9.53
1640.749027026,38.67073082360389,9.54
1640.749227026,71.99929170259703,9.55
1640.749427026,65.46096919359664,9.56
1640.7496270259999,22.642859987365863,9.57
1640.749827026,46.07544081478107,9.58
1640.750027026,59.34394384351289,9.59
1640.750227026,60.30143329692585,9.6
1640.750427026,55.99174712594776,9.61
1640.7506270259998,58.67975932145488,9.62
1640.750827026,41.180824241768114,9.63
1640.751027026,39.94394453174156,9.64
1640.751227026,67.88197295542362,9.65
1640.7514270259999,61.80069517790827,9.66
1640.751627026,54.75488529754504,9.67
1640.751827026,50.403887049811054,9.68
1640.752027026,70.8169990607528,9.69
1640.752227026,55.51657509377557,9.7
1640.7524270259999,40.09776794232457,9.71
1640.752627026,66.62045411222148,9.72
1640.752827026,54.901722625770724,9.73
1640.753027026,49.61932957594071,9.74
1640.7532270259999,64.41038125242,9.75
1640.753427026,48.373342438353234,9.76
1640.753627026,57.677324664103374,9.77
1640.753827026,79.84088033252654,9.78
1640.754027026,50.893800667787616,9.79
1640.7542270259999,60.498308534581845,9.8
1640.754427026,80.86434736812836,9.81
1640.754627026,23.612740425876158,9.82
1640.754827026,52.644535303451605,9.83
1640.7550270259999,66.35369996241039,9.84
1640.7552270259998,44.00377896617973,9.85
1640.755427026,60.58875959976519,9.86
1640.755627026,72.13181920696724,9.87
1640.755827026,45.895390547314875,9.88
1640.7560270259999,45.93781194913961,9.89
1640.756227026,63.261597906112335,9.9
1640.756427026,46.740629652259834,9.91
1640.756627026,38.44521444303311,9.92
1640.7568270259999,27.52121101141398,9.93
1640.7570270259998,75.029812045858,9.94
1640.757227026,61.135181002863504,9.95
1640.757427026,59.848947624736944,9.96
1640.757627026,37.05366633417974,9.97
1640.7578270259999,47.89110456309612,9.98
1640.758027026,36.26925816032944,9.99
1640.758227026,77.78594275444048,10.0
1640.758427026,75.60537037585314,10.01
1640.7586270259999,53.0704053717665,10.02
1640.7588270259998,57.06177536446496,10.03
1640.759027026,61.57189215035153,10.04
1640.759227026,37.276131960814546,10.05
1640.759427026,43.712533322393405,10.06
1640.7596270259999,45.00842791039331,10.07
1640.759827026,49.02975143443741,10.08
1640.760027026,64.63970457530151,10.09
1640.760227026,37.09338320285007,10.1
1640.760427026,45.48305890569145,10.11
1640.7606270259998,52.518422399980025,10.12
1640.760827026,42.77249273211258,10.13
1640.761027026,72.59279941186279,10.14
1640.761227026,18.962540334736325,10.15
1640.7614270259999,78.98243151997818,10.16
1640.761627026,41.44630807213405,10.17
1640.761827026,35.4441183836592,10.18
1640.762027026,49.873327711227056,10.19
1640.762227026,51.006266778868735,10.2
1640.7624270259998,44.56345467367855,10.21
1640.762627026,69.57156954241266,10.22
1640.762827026,59.01455071310903,10.23
1640.763027026,51.982289399361186,10.24
1640.7632270259999,76.00186179714083,10.25
1640.763427026,70.84654656644116,10.26
1640.763627026,71.55514687609542,10.27
1640.763827026,40.29287157796441,10.28
1640.764027026,57.77119642762706,10.29
1640.7642270259998,55.73571001679632,10.3
1640.764427026,54.62142928719511,10.31
1640.764627026,46.67983296573992,10.32
1640.764827026,36.08478240653145,10.33
1640.7650270259999,17.134886504464163,10.34
1640.765227026,41.109496661202996,10.35
1640.765427026,38.875987426457556,10.36
1640.765627026,36.799024466753885,10.37
1640.765827026,72.97639966840019,10.38
1640.7660270259998,42.828258360309945,10.39
1640.766227026,55.61744506560786,10.4
1640.766427026,35.83575862406384,10.41
1640.766627026,60.031361111489495,10.42
1640.7668270259999,23.27406810973681,10.43
1640.767027026,61.90854395946447,10.44
1640.767227026,61.069375504278874,10.45
1640.767427026,50.70725456530935,10.46
1640.767627026,52.70257263916737,10.47
1640.7678270259998,78.07028102320709,10.48
1640.768027026,28.335337862781866,10.49
1640.768227026,55.6494662510283,10.5
1640.768427026,61.470909400957886,10.51
1640.7686270259999,68.9175648229518,10.52
1640.768827026,52.791166114229014,10.53
1640.769027026,33.52569338715617,10.54
1640.769227026,51.809869040124106,10.55
1640.769427026,42.65621834249029,10.56
1640.7696270259999,41.94750208529586,10.57
1640.769827026,57.65276059689554,10.58
1640.770027026,43.730413677129356,10.59
1640.770227026,46.84205315558045,10.6
1640.7704270259999,56.216166454604014,10.61
1640.7706270259998,64.21767474642878,10.62
1640.770827026,43.74961248460112,10.63
1640.771027026,40.749683022311004,10.64
1640.771227026,43.9724205080891,10.65
1640.7714270259999,72.84323662058121,10.66
1640.771627026,80.98585314551437,10.67
1640.771827026,41.825947943155995,10.68
1640.772027026,48.09078489507126,10.69
1640.7722270259999,31.74276797014329,10.7
1640.7724270259998,40.77509189949289,10.71
1640.772627026,41.10456743630569,10.72
1640.772827026,45.65018181208822,10.73
1640.773027026,53.97116213712455,10.74
1640.7732270259999,14.780073535667142,10.75
1640.773427026,64.02535992206458,10.76
1640.773627026,70.8133728973384,10.77
1640.773827026,70.60154836986632,10.78
1640.7740270259999,66.702675054018,10.79
1640.7742270259998,41.750518462205335,10.8
1640.774427026,33.55552932781052,10.81
1640.774627026,46.94992967558334,10.82
1640.774827026,32.60242166835339,10.83
1640.7750270259999,57.1309586188934,10.84
1640.775227026,44.680869916299955,10.85
1640.775427026,37.68891156976245,10.86
1640.775627026,54.0141554632054,10.87
1640.775827026,38.943665803259975,10.88
1640.7760270259998,68.5572572417601,10.89
1640.776227026,35.63356476220675,10.9
1640.776427026,38.98433087864476,10.91
1640.776627026,99.81259939786861,10.92
1640.7768270259999,22.98709471359586,10.93
1640.777027026,34.9853147801623,10.94
1640.777227026,51.00627166200052,10.95
1640.777427026,43.47454288740551,10.96
1640.777627026,73.4723216028397,10.97
1640.7778270259998,47.628275629180344,10.98
1640.778027026,13.564694686744012,10.99
1640.778227026,74.68861949047219,11.0
1640.778427026,81.37253349251817,11.01
1640.7786270259999,50.942602034044135,11.02
1640.778827026,31.237015577429116,11.03
1640.779027026,35.22803146810435,11.04
1640.779227026,46.78551992851856,11.05
1640.779427026,30.51238800792069,11.06
1640.7796270259998,55.91039547631692,11.07
1640.779827026,23.09856090038243,11.08
1640.780027026,21.054558556111388,11.09
1640.780227026,58.819956606837735,11.1
1640.7804270259999,53.50596346744448,11.11
1640.780627026,73.25921760245835,11.12
1640.780827026,33.58188965848778,11.13
1640.781027026,63.04466845847961,11.14
1640.781227026,54.7500648292804,11.15
1640.7814270259998,46.779902357787385,11.16
1640.781627026,49.406459928025846,11.17
1640.781827026,14.486173398474826,11.18
1640.782027026,41.81883523900413,11.19
1640.7822270259999,38.040434098548964,11.2
1640.782427026,53.06513072447486,11.21
1640.782627026,34.364892442078954,11.22
1640.782827026,42.99291902055967,11.23
1640.783027026,44.82951308573396,11.24
1640.7832270259998,61.172578339763234,11.25
1640.783427026,71.70476051207787,11.26
1640.783627026,66.56980910777814,11.27
1640.783827026,48.64759246086774,11.28
1640.7840270259999,63.71929191904119,11.29
1640.784227026,35.98097996309231,11.3
1640.784427026,55.47364393456481,11.31
1640.784627026,48.179720513663,11.32
1640.784827026,50.51223996362239,11.33
1640.7850270259999,37.2614469931169,11.34
1640.785227026,43.889678351185474,11.35
1640.785427026,81.7900237724418,11.36
1640.785627026,70.87150475102507,11.37
1640.7858270259999,33.46342025500749,11.38
1640.7860270259998,30.555430712037428,11.39
1640.786227026,65.50922847555604,11.4
1640.786427026,65.51086473116777,11.41
1640.786627026,45.833301712304475,11.42
1640.7868270259999,37.39270342262077,11.43
1640.787027026,37.113830799305774,11.44
1640.787227026,41.54355465543337,11.45
1640.787427026,78.04304019873018,11.46
1640.7876270259999,59.59824479759294,11.47
1640.7878270259998,70.58863056049091,11.48
1640.788027026,72.16170663513458,11.49
1640.788227026,54.42085643718756,11.5
1640.788427026,42.650105692736105,11.51
1640.7886270259999,28.750966852306174,11.52
1640.788827026,78.50139263567156,11.53
1640.789027026,45.582346782800634,11.54
1640.789227026,32.0723782872349,11.55
1640.7894270259999,55.145068187546045,11.56
1640.7896270259998,52.36732941117514,11.57
1640.789827026,56.82411505329026,11.58
1640.790027026,68.04294469234463,11.59
1640.790227026,65.56941190551103,11.6
1640.7904270259999,51.56402377899163,11.61
1640.790627026,69.77454324625016,11.62
1640.790827026,59.10011307382043,11.63
1640.791027026,35.4227493018267,11.64
1640.791227026,47.624662716941515,11.65
1640.7914270259998,63.02827413172616,11.66
1640.791627026,48.42387582032896,11.67
1640.791827026,44.0655379401957,11.68
1640.792027026,57.05128548086311,11.69
1640.7922270259999,31.223177621633464,11.7
1640.792427026,40.340448416411675,11.71
1640.792627026,17.233127107910995,11.72
1640.792827026,68.65182708497191,11.73
1640.793027026,53.82848740610804,11.74
1640.7932270259998,63.22293234715798,11.75
1640.793427026,36.952392123633985,11.76
1640.793627026,27.56554850684189,11.77
1640.793827026,81.01083933516034,11.78
1640.7940270259999,42.132161939702605,11.79
1640.794227026,70.91805515071941,11.8
1640.794427026,19.986152451513327,11.81
1640.794627026,39.90590147737524,11.82
1640.794827026,64.92960188659808,11.83
1640.7950270259998,82.99930432485044,11.84
1640.795227026,60.22294327919795,11.85
1640.795427026,40.84268602218804,11.86
1640.795627026,69.6011103143539,11.87
1640.7958270259999,49.62890914230707,11.88
1640.796027026,49.304953692032505,11.89
1640.796227026,85.74704041779796,11.9
1640.796427026,74.18667740127329,11.91
1640.796627026,65.29317965867921,11.92
1640.7968270259998,39.21878201622872,11.93
1640.797027026,45.020402554481215,11.94
1640.797227026,62.07224493756197,11.95
1640.797427026,54.765483929498146,11.96
1640.7976270259999,70.90241463690211,11.97
1640.797827026,72.88265066351322,11.98
1640.798027026,56.4340486018865,11.99
1640.798227026,46.80695891315688,12.0
1640.798427026,50.693566303171785,12.01
1640.7986270259998,28.66694700870801,12.02
1640.798827026,66.54845118875417,12.03
1640.799027026,75.36872428369637,12.04
1640.799227026,46.16356220041406,12.05
1640.7994270259999,55.316499813855216,12.06
1640.799627026,58.48626924311932,12.07
1640.799827026,22.738130313242127,12.08
1640.800027026,66.07874831615385,12.09
1640.800227026,34.89526654503408,12.1
1640.8004270259999,46.47703073403765,12.11
1640.800627026,58.38627400468153,12.12
1640.800827026,43.60489993281588,12.13
1640.801027026,54.265582527757374,12.14
1640.8012270259999,4.687775464653257,12.15
1640.8014270259998,53.364993577303906,12.16
1640.801627026,36.46761848529026,12.17
1640.801827026,38.03573497624409,12.18
1640.802027026,46.84101254046405,12.19
1640.8022270259999,52.829491063522426,12.2
1640.802427026,53.52787798987299,12.21
1640.802627026,70.77521991840125,12.22
1640.802827026,17.90878670468389,12.23
1640.8030270259999,41.68057495390312,12.24
1640.8032270259998,57.907498725675566,12.25
1640.803427026,65.03894354966843,12.26
1640.803627026,50.28455082530387,12.27
1640.803827026,65.57866431916048,12.28
1640.8040270259999,6.422018220561171,12.29
1640.804227026,51.20529401807995,12.3
1640.804427026,60.90985904825414,12.31
1640.804627026,38.751845140081,12.32
1640.8048270259999,24.453878044533614,12.33
1640.8050270259998,32.44274250532435,12.34
1640.805227026,27.966574810608535,12.35
1640.805427026,45.15665793524913,12.36
1640.805627026,56.539749348108984,12.37
1640.8058270259999,59.577733230012264,12.38
1640.806027026,42.81345269594834,12.39
1640.806227026,55.11201721612693,12.4
1640.806427026,38.44402964071547,12.41
1640.806627026,46.626635640093895,12.42
1640.8068270259998,47.8166909944006,12.43
1640.807027026,44.03833571952448,12.44
1640.807227026,46.34433354181076,12.45
1640.807427026,40.67276389095822,12.46
1640.8076270259999,23.398804994333084,12.47
1640.807827026,37.96616178226854,12.48
1640.808027026,50.58488753636044,12.49
1640.808227026,10.860264565798623,12.5
1640.808427026,39.16586438235122,12.51
1640.8086270259998,70.3156263705452,12.52
1640.808827026,50.79891259853378,12.53
1640.809027026,33.52255090604879,12.54
1640.809227026,81.20543539010758,12.55
1640.8094270259999,35.664600554367276,12.56
1640.809627026,53.7058243562891,12.57
1640.809827026,55.54256712228096,12.58
1640.810027026,62.23055073618657,12.59
1640.810227026,47.936380573977594,12.6
1640.8104270259998,71.91166518974909,12.61
1640.810627026,33.62524727766902,12.62
1640.810827026,46.442734485042685,12.63
1640.811027026,50.358989100397096,12.64
1640.8112270259999,35.059997817243406,12.65
1640.811427026,56.45908086074662,12.66
1640.811627026,59.529213907938086,12.67
1640.811827026,18.058507083780516,12.68
1640.812027026,80.47065384459856,12.69
1640.8122270259998,61.1004596134747,12.7
1640.812427026,48.805079222899224,12.71
1640.812627026,51.5716674192944,12.72
1640.812827026,47.74940118128532,12.73
1640.8130270259999,37.58872439477735,12.74
1640.813227026,51.320007017974284,12.75
1640.813427026,62.62706813069157,12.76
1640.813627026,40.00146986539752,12.77
1640.813827026,35.67768035243378,12.78
1640.8140270259998,65.60856864863999,12.79
1640.814227026,71.59053808219403,12.8
1640.814427026,81.87482694947154,12.81
1640.814627026,56.43202385726118,12.82
1640.8148270259999,31.97879990986775,12.83
1640.815027026,31.119766649676222,12.84
1640.815227026,32.025776175949844,12.85
1640.815427026,13.287067277425109,12.86
1640.815627026,32.020900234623056,12.87
1640.8158270259999,62.8097620277435,12.88
1640.816027026,59.110660189459814,12.89
1640.816227026,37.31712756932354,12.9
1640.816427026,47.40624071383082,12.91
1640.8166270259999,26.1573872498478,12.92
1640.8168270259998,53.313843152077744,12.93
1640.817027026,70.35780061467156,12.94
1640.817227026,53.896998506843914,12.95
1640.817427026,54.684509682284556,12.96
1640.8176270259999,72.4132451921349,12.97
1640.817827026,77.81009299808204,12.98
1640.818027026,37.461872300774075,12.99
1640.818227026,59.92496614812523,13.0
1640.8184270259999,18.239934954682774,13.01
1640.8186270259998,18.918952263054823,13.02
1640.818827026,70.52260005877875,13.03
1640.819027026,54.99040446628075,13.04
1640.819227026,22.47718528851388,13.05
1640.8194270259999,34.74802814797008,13.06
1640.819627026,55.02650739141914,13.07
1640.819827026,40.2012222228211,13.08
1640.820027026,83.21867725025061,13.09
1640.8202270259999,51.09968599776683,13.1
1640.8204270259998,58.16101986100939,13.11
1640.820627026,38.64389632261436,13.12
1640.820827026,34.63363122347027,13.13
1640.821027026,69.37430116917079,13.14
1640.8212270259999,68.926078085888,13.15
1640.821427026,41.078125398992654,13.16
1640.821627026,24.99350629042591,13.17
1640.821827026,30.94413097573329,13.18
1640.822027026,28.900203902502707,13.19
1640.8222270259998,16.92296457127194,13.2
1640.822427026,30.605601580119934,13.21
1640.822627026,38.10877830313732,13.22
1640.822827026,56.00452802569349,13.23
1640.8230270259999,40.848398882049,13.24
1640.823227026,68.74038402490798,13.25
1640.823427026,40.51446963230271,13.26
1640.823627026,59.05099560700964,13.27
1640.823827026,67.1088032328764,13.28
1640.8240270259998,54.77721664851138,13.29
1640.824227026,19.33681027798009,13.3
1640.824427026,67.7067571933725,13.31
1640.824627026,23.722282010469034,13.32
1640.8248270259999,60.713884090610605,13.33
1640.825027026,41.031416322871706,13.34
1640.825227026,49.60694348436238,13.35
1640.825427026,54.18530068118935,13.36
1640.825627026,62.143207588846465,13.37
1640.8258270259998,50.9505431054524,13.38
1640.826027026,41.17414782370644,13.39
1640.826227026,65.5939415735721,13.4
1640.826427026,45.062368471165115,13.41
1640.8266270259999,49.64266321583225,13.42
1640.826827026,45.56624070241901,13.43
1640.827027026,47.480093722351576,13.44
1640.827227026,40.38778114776367,13.45
1640.827427026,59.239836180300536,13.46
1640.8276270259998,48.15310178782029,13.47
1640.827827026,49.82736519022538,13.48
1640.828027026,39.32091193307207,13.49
1640.828227026,44.19715504750572,13.5
1640.8284270259999,15.83992517437958,13.51
1640.828627026,54.00360055403069,13.52
1640.828827026,16.846018368761094,13.53
1640.829027026,20.031765148332816,13.54
1640.829227026,59.65855085594738,13.55
1640.8294270259998,52.94503083920014,13.56
1640.829627026,46.5281676059051,13.57
1640.829827026,53.83281911002942,13.58
1640.830027026,64.6853005681742,13.59
1640.8302270259999,36.107600852085774,13.6
1640.830427026,69.01421469648506,13.61
1640.830627026,48.0627648172361,13.62
1640.830827026,49.451436585293855,13.63
1640.831027026,26.032933907205596,13.64
1640.8312270259999,70.9151834007827,13.65
1640.831427026,50.832024555127376,13.66
1640.831627026,44.45737468332497,13.67
1640.831827026,33.72165963744978,13.68
1640.8320270259999,69.91129326098299,13.69
1640.8322270259998,32.047224424969265,13.7
1640.832427026,50.86351817613037,13.71
1640.832627026,38.557327926987995,13.72
1640.832827026,32.93898515478632,13.73
1640.8330270259999,41.90903779636676,13.74
1640.833227026,44.415463769743255,13.75
1640.833427026,61.46612896239986,13.76
1640.833627026,46.97627766448379,13.77
1640.8338270259999,27.031066620187985,13.78
1640.8340270259998,33.82300336012095,13.79
1640.834227026,55.160242844491464,13.8
1640.834427026,107.12558739315786,13.81
1640.834627026,44.04471394447418,13.82
1640.8348270259999,30.95910877322795,13.83
1640.835027026,47.293107982623134,13.84
1640.835227026,72.7501119264551,13.85
1640.835427026,50.72468779730459,13.86
1640.8356270259999,63.02866415579729,13.87
1640.8358270259998,38.99090022016783,13.88
1640.836027026,69.64439882466635,13.89
1640.836227026,41.68834022295855,13.9
1640.836427026,78.53426770454342,13.91
1640.8366270259999,39.15459693868604,13.92
1640.836827026,43.569851637400404,13.93
1640.837027026,36.15239939953818,13.94
1640.837227026,67.20209473663385,13.95
1640.837427026,68.34566434521747,13.96
1640.8376270259998,35.584449692815326,13.97
1640.837827026,30.75549995396704,13.98
1640.838027026,53.74786073257345,13.99
1640.838227026,65.15291787673613,14.0
1640.8384270259999,54.89745044442557,14.01
1640.838627026,62.18932649230594,14.02
1640.838827026,21.265337608123772,14.03
1640.839027026,56.6324290073537,14.04
1640.839227026,47.54065472747798,14.05
1640.8394270259998,67.6209638197061,14.06
1640.839627026,50.77228643034541,14.07
1640.839827026,38.28978746030842,14.08
1640.840027026,65.94947160369324,14.09
1640.8402270259999,49.68441531609127,14.1
1640.840427026,60.66716680939286,14.11
1640.840627026,32.91768652619133,14.12
1640.840827026,32.42689000889253,14.13
1640.841027026,65.74261313012204,14.14
1640.8412270259998,66.85427888106682,14.15
1640.841427026,71.19525500503067,14.16
1640.841627026,50.33890792960429,14.17
1640.841827026,56.43325628256656,14.18
1640.8420270259999,60.38527875098103,14.19
1640.842227026,74.949321583278,14.2
1640.842427026,66.27731306711293,14.21
1640.842627026,34.45208518087179,14.22
1640.842827026,27.722000932738148,14.23
1640.8430270259998,44.230623530184815,14.24
1640.843227026,55.9337384076065,14.25
1640.843427026,22.34635133593232,14.26
1640.843627026,45.107693656566326,14.27
1640.8438270259999,48.85820005728951,14.28
1640.844027026,46.117508583438116,14.29
1640.844227026,39.84523314896795,14.3
1640.844427026,48.57708976855152,14.31
1640.844627026,61.262422276996084,14.32
1640.8448270259998,36.90555348329099,14.33
1640.845027026,46.62734672027416,14.34
1640.845227026,24.21079334390852,14.35
1640.845427026,57.506328419962244,14.36
1640.8456270259999,60.4499458632383,14.37
1640.845827026,55.580515215970024,14.38
1640.846027026,60.43916253954741,14.39
1640.846227026,37.59297405264577,14.4
1640.846427026,33.43187382621015,14.41
1640.8466270259999,27.73823710625392,14.42
1640.846827026,52.894251325435825,14.43
1640.847027026,58.871791114406726,14.44
1640.847227026,57.97886336355563,14.45
1640.8474270259999,51.30116301530401,14.46
1640.8476270259998,48.03631749533447,14.47
1640.847827026,65.52290232815827,14.48
1640.848027026,53.34904734417787,14.49
1640.848227026,54.48909135844928,14.5
1640.8484270259999,45.97539181315054,14.51
1640.848627026,28.281197522230386,14.52
1640.848827026,92.14863604267426,14.53
1640.849027026,71.52249625717054,14.54
1640.8492270259999,80.70519865351206,14.55
1640.8494270259998,61.45829999256185,14.56
1640.849627026,77.69057790350077,14.57
1640.849827026,58.7991352336834,14.58
1640.850027026,38.385540372932624,14.59
1640.8502270259999,62.55392872930127,14.6
1640.850427026,44.55299527223304,14.61
1640.850627026,53.49622626732726,14.62
1640.850827026,27.070497480619675,14.63
1640.8510270259999,77.78963291340709,14.64
1640.8512270259998,59.391913237982465,14.65
1640.851427026,29.840696596861463,14.66
1640.851627026,13.411736571769445,14.67
1640.851827026,31.862660660431203,14.68
1640.8520270259999,47.0781589864856,14.69
1640.852227026,51.33652428613216,14.7
1640.852427026,51.43308404920783,14.71
1640.852627026,42.23880233313782,14.72
1640.8528270259999,38.827420676162845,14.73
1640.8530270259998,32.212048688848455,14.74
1640.853227026,43.56158102540289,14.75
1640.853427026,58.81206173229726,14.76
1640.853627026,38.95741631276436,14.77
1640.8538270259999,36.52447097906526,14.78
1640.854027026,47.971246581576814,14.79
1640.854227026,29.883110432980242,14.8
1640.854427026,48.715236334545104,14.81
1640.854627026,60.22080051936232,14.82
1640.8548270259998,66.44973441986605,14.83
1640.855027026,45.67985400327067,14.84
1640.855227026,59.5675728486806,14.85
1640.855427026,25.262631359987378,14.86
1640.8556270259999,15.834405638678398,14.87
1640.855827026,57.32295308865324,14.88
1640.856027026,47.405245954790004,14.89
1640.856227026,53.10817583952601,14.9
1640.856427026,36.88929001474594,14.91
1640.8566270259998,25.157205216164673,14.92
1640.856827026,43.296836713963444,14.93
1640.857027026,63.40945636426294,14.94
1640.857227026,48.75061188345801,14.95
1640.8574270259999,6.8180849008568885,14.96
1640.857627026,52.14266248656781,14.97
1640.857827026,40.63696900907138,14.98
1640.858027026,29.637680998037833,14.99
1640.858227026,43.37361624158626,15.0
1640.8584270259998,33.84606778730613,15.01
1640.858627026,58.78395613301593,15.02
1640.858827026,40.4469330173312,15.03
1640.859027026,52.19647290774933,15.04
1640.8592270259999,39.497100586882425,15.05
1640.859427026,33.3858568755187,15.06
1640.859627026,47.09386508899096,15.07
1640.859827026,19.97877864566087,15.08
1640.860027026,28.585596883053128,15.09
1640.8602270259998,73.96551800183154,15.1
1640.860427026,47.90169306442196,15.11
1640.860627026,48.06687156947193,15.12
1640.860827026,48.9494199528704,15.13
1640.8610270259999,50.19037800130865,15.14
1640.861227026,46.861472309500826,15.15
1640.861427026,66.57851194121697,15.16
1640.861627026,62.88730901883425,15.17
1640.861827026,63.27053962903423,15.18
1640.8620270259999,32.75992791680954,15.19
1640.862227026,60.071170505129345,15.2
1640.862427026,28.557994694375704,15.21
1640.862627026,57.287282875559896,15.22
1640.8628270259999,64.91028919708887,15.23
1640.8630270259998,62.98124209494345,15.24
1640.863227026,53.33728763532143,15.25
1640.863427026,48.664188715059055,15.26
1640.863627026,82.04370523712913,15.27
1640.8638270259999,17.496746722958186,15.28
1640.864027026,39.95405017694454,15.29
1640.864227026,55.29204488036194,15.3
1640.864427026,63.43633342230176,15.31
1640.8646270259999,50.23738675758717,15.32
1640.8648270259998,58.62756343025902,15.33
1640.865027026,28.633890838200134,15.34
1640.865227026,39.68249484024397,15.35
1640.865427026,37.55011722403057,15.36
1640.8656270259999,53.13817918915138,15.37
1640.865827026,45.00271706543508,15.38
1640.866027026,40.54237178611304,15.39
1640.866227026,65.48849050803452,15.4
1640.8664270259999,46.248351659310494,15.41
1640.8666270259998,30.740980167223583,15.42
1640.866827026,96.6146515791686,15.43
1640.867027026,44.274376235220856,15.44
1640.867227026,55.350596017842854,15.45
1640.8674270259999,47.83781066264579,15.46
1640.867627026,47.83399291153746,15.47
1640.867827026,39.92799347065391,15.48
1640.868027026,53.78950941774081,15.49
1640.8682270259999,33.688812504737285,15.5
1640.8684270259998,46.944004031258615,15.51
1640.868627026,81.87061999305024,15.52
1640.868827026,26.495751062717655,15.53
1640.869027026,61.489197534075224,15.54
1640.8692270259999,62.14147873544135,15.55
1640.869427026,54.80169885341441,15.56
1640.869627026,69.94100997346561,15.57
1640.869827026,51.92065639152642,15.58
1640.870027026,27.510317129017125,15.59
1640.8702270259998,45.312516008855056,15.6
1640.870427026,76.28302933916831,15.61
1640.870627026,52.08600099358634,15.62
1640.870827026,50.581027890507414,15.63
1640.8710270259999,47.59659081669061,15.64
1640.871227026,15.284345201331412,15.65
1640.871427026,35.319535585100255,15.66
1640.871627026,40.90890261148732,15.67
1640.871827026,86.18755282174811,15.68
1640.8720270259998,27.11838092098604,15.69
1640.872227026,48.84199310728174,15.7
1640.872427026,39.07075438227798,15.71
1640.872627026,52.49050442553109,15.72
1640.8728270259999,78.07332915998397,15.73
1640.873027026,56.199488445682555,15.74
1640.873227026,63.88478961183674,15.75
1640.873427026,62.646265882766066,15.76
1640.873627026,21.490316276767643,15.77
1640.8738270259998,49.23315722821862,15.78
1640.874027026,28.779604152321944,15.79
1640.874227026,51.80715567579209,15.8
1640.874427026,42.48924113196451,15.81
1640.8746270259999,51.64740085007046,15.82
1640.874827026,46.762257711244665,15.83
1640.875027026,37.336978966774865,15.84
1640.875227026,14.740965383993341,15.85
1640.875427026,31.702913142555722,15.86
1640.8756270259998,34.964964205493885,15.87
1640.875827026,20.998694856079627,15.88
1640.876027026,67.92301396462548,15.89
1640.876227026,41.6431295646153,15.9
1640.8764270259999,30.50087342692838,15.91
1640.876627026,68.16779827688337,15.92
1640.876827026,43.34426985162561,15.93
1640.877027026,48.04255051475351,15.94
1640.877227026,31.085131306881408,15.95
1640.8774270259999,59.878604042543145,15.96
1640.877627026,35.41443139118438,15.97
1640.877827026,51.68930801024728,15.98
1640.878027026,18.58204307796403,15.99
1640.8782270259999,29.554701695097826,16.0
1640.878427026,59.332472531825,16.01
1640.878627026,39.35420967040725,16.02
1640.878827026,43.80281543482638,16.03
1640.879027026,69.16588908365048,16.04
1640.8792270259999,60.377377737766466,16.05
1640.879427026,46.219430613082785,16.06
1640.879627026,49.647837640246905,16.07
1640.879827026,67.46959875761571,16.08
1640.8800270259999,61.40859311060837,16.09
1640.8802270259998,48.223736100678835,16.1
1640.880427026,38.5498016036908,16.11
1640.880627026,70.5874046974754,16.12
1640.880827026,26.239285679044936,16.13
1640.8810270259999,42.47731808759534,16.14
1640.881227026,70.5214572151212,16.15
1640.881427026,49.265948990592484,16.16
1640.881627026,67.02592449608217,16.17
1640.8818270259999,32.05470262615421,16.18
1640.8820270259998,51.76328100876629,16.19
1640.882227026,52.622102794897465,16.2
1640.882427026,53.055535164489996,16.21
1640.882627026,68.70903716326393,16.22
1640.8828270259999,59.88900007864349,16.23
1640.883027026,47.8434327555888,16.24
1640.883227026,70.55539616968147,16.25
1640.883427026,50.150918773997006,16.26
1640.8836270259999,52.24085794011832,16.27
1640.8838270259998,86.6470577029805,16.28
1640.884027026,48.18567008376154,16.29
1640.884227026,54.17896833999273,16.3
1640.884427026,70.54831374223599,16.31
1640.8846270259999,53.29840542536548,16.32
1640.884827026,67.9045685593224,16.33
1640.885027026,25.998102038000273,16.34
1640.885227026,60.068093443832154,16.35
1640.885427026,56.49723692437857,16.36
1640.8856270259998,48.47399768501729,16.37
1640.885827026,69.42866747352322,16.38
1640.886027026,42.13024213663597,16.39
1640.886227026,38.46110315563794,16.4
1640.8864270259999,67.57949080596674,16.41
1640.886627026,64.2789308554598,16.42
1640.886827026,31.887884863089642,16.43
1640.887027026,39.997727210823435,16.44
1640.887227026,58.77343045506903,16.45
1640.8874270259998,42.78164322139344,16.46
1640.887627026,45.59402258509965,16.47
1640.887827026,32.900436816274265,16.48
1640.888027026,57.040208675520454,16.49
1640.8882270259999,69.79679948670989,16.5
1640.888427026,66.15115163198882,16.51
1640.888627026,12.579955209664611,16.52
1640.888827026,76.56626821738092,16.53
1640.889027026,31.661762861770942,16.54
1640.8892270259998,57.43100318249182,16.55
1640.889427026,45.19175532416327,16.56
1640.889627026,53.22482321840892,16.57
1640.889827026,45.44023032498024,16.58
1640.8900270259999,40.26790382052034,16.59
1640.890227026,63.14484374460062,16.6
1640.890427026,70.57417315877802,16.61
1640.890627026,48.98753223898148,16.62
1640.890827026,39.05809011299474,16.63
1640.8910270259998,59.79022578865899,16.64
1640.891227026,48.74613489164654,16.65
1640.891427026,65.09182247528082,16.66
1640.891627026,56.16114639194112,16.67
1640.8918270259999,48.81219887681134,16.68
1640.892027026,50.378222422205546,16.69
1640.892227026,41.85739184678275,16.7
1640.892427026,57.05874360713352,16.71
1640.892627026,51.95825698566151,16.72
1640.8928270259998,39.18366408272747,16.73
1640.893027026,58.008459759189385,16.74
1640.893227026,44.53711668714294,16.75
1640.893427026,44.58586202500569,16.76
1640.8936270259999,18.61308003060896,16.77
1640.893827026,35.825257540780584,16.78
1640.894027026,12.221823431870298,16.79
1640.894227026,50.60572068813946,16.8
1640.894427026,50.68235614322986,16.81
1640.8946270259999,62.15931418967202,16.82
1640.894827026,60.53271193578357,16.83
1640.895027026,44.243099988102394,16.84
1640.895227026,43.2739055985942,16.85
1640.8954270259999,39.55475257894595,16.86
1640.8956270259998,52.750987227313914,16.87
1640.895827026,33.87120286622411,16.88
1640.896027026,48.066563204084076,16.89
1640.896227026,38.31422940978335,16.9
1640.8964270259999,49.19791284220847,16.91
1640.896627026,18.216508105361708,16.92
1640.896827026,20.255736407858603,16.93
1640.897027026,57.175669702296496,16.94
1640.8972270259999,72.09783802146032,16.95
1640.8974270259998,40.036601293085305,16.96
1640.897627026,49.28177538687627,16.97
1640.897827026,53.63368554973836,16.98
1640.898027026,48.70573527955275,16.99
1640.8982270259999,57.97945135375902,17.0
1640.898427026,21.52749706756974,17.01
1640.898627026,39.89458195606187,17.02
1640.898827026,36.58076216824928,17.03
1640.8990270259999,42.341088703760306,17.04
1640.8992270259998,53.87536231050266,17.05
1640.899427026,47.89494823856661,17.06
1640.899627026,59.01705027522308,17.07
1640.899827026,54.189967691311,17.08
1640.9000270259999,42.97938866806593,17.09
1640.900227026,34.628992914629436,17.1
1640.900427026,59.656156421888475,17.11
1640.900627026,42.68434522464854,17.12
1640.900827026,34.246989290866416,17.13
1640.9010270259998,28.725476052461797,17.14
1640.901227026,54.83569918585771,17.15
1640.901427026,58.61443711473274,17.16
1640.901627026,46.429439602225706,17.17
1640.9018270259999,63.65127794248623,17.18
1640.902027026,24.368530840108477,17.19
1640.902227026,57.166362542398666,17.2
1640.902427026,81.95740939984756,17.21
1640.902627026,27.946542471667794,17.22
1640.9028270259998,48.23870177762728,17.23
1640.903027026,53.872639802844155,17.24
1640.903227026,75.84276928663664,17.25
1640.903427026,49.67236934544173,17.26
1640.9036270259999,43.613271572003356,17.27
1640.903827026,49.81639503779215,17.28
1640.904027026,25.254574554756356,17.29
1640.904227026,65.457781442888,17.3
1640.904427026,57.34594062827301,17.31
1640.9046270259998,64.17492494166555,17.32
1640.904827026,8.366020846321646,17.33
1640.905027026,70.57292889151661,17.34
1640.905227026,32.40588058944299,17.35
1640.9054270259999,46.05324282010155,17.36
1640.905627026,71.6682221099722,17.37
1640.905827026,50.7489220480843,17.38
1640.906027026,25.320925237804428,17.39
1640.906227026,34.717809718804794,17.4
1640.9064270259998,36.12939726783331,17.41
1640.906627026,40.017797239914415,17.42
1640.906827026,55.6885865964213,17.43
1640.907027026,38.344119928034964,17.44
1640.9072270259999,43.79521535243299,17.45
1640.907427026,34.260528303779836,17.46
1640.907627026,56.77978169642692,17.47
1640.907827026,38.25389724882549,17.48
1640.908027026,68.46722587221943,17.49
1640.9082270259998,41.285121070073465,17.5
1640.908427026,68.1583048165779,17.51
1640.908627026,37.1564596669795,17.52
1640.908827026,46.46508998379343,17.53
1640.9090270259999,67.01694039567275,17.54
1640.909227026,66.46929213131111,17.55
1640.909427026,38.36315964328991,17.56
1640.909627026,53.2726107035779,17.57
1640.909827026,55.25791933193501,17.58
1640.9100270259999,41.14297026944895,17.59
1640.910227026,50.71320235135933,17.6
1640.910427026,49.27946224738533,17.61
1640.910627026,34.60807811246768,17.62
1640.9108270259999,73.50573314477053,17.63
1640.9110270259998,41.62457839807354,17.64
1640.911227026,53.50719500067165,17.65
1640.911427026,23.226888944495464,17.66
1640.911627026,43.274284773048734,17.67
1640.9118270259999,72.66221982006529,17.68
1640.912027026,73.57171265103837,17.69
1640.912227026,60.57243552357404,17.7
1640.912427026,46.02656709487784,17.71
1640.9126270259999,62.19735795503536,17.72
1640.9128270259998,54.09014758025381,17.73
1640.913027026,41.342541663428946,17.74
1640.913227026,68.06177795300079,17.75
1640.913427026,47.23338392040114,17.76
1640.9136270259999,47.05495417754045,17.77
1640.913827026,50.55210674417965,17.78
1640.914027026,73.55339531946117,17.79
1640.914227026,43.50500209965252,17.8
1640.9144270259999,60.263959423546126,17.81
1640.9146270259998,38.20444067534733,17.82
1640.914827026,45.91597602759002,17.83
1640.915027026,47.16067994816929,17.84
1640.915227026,19.54678075615551,17.85
1640.9154270259999,38.63629555237491,17.86
1640.915627026,37.176207126758726,17.87
1640.915827026,75.0518614176894,17.88
1640.916027026,53.393977474998394,17.89
1640.916227026,65.46050291049822,17.9
1640.9164270259998,72.11029078231972,17.91
1640.916627026,31.993962955584237,17.92
1640.916827026,36.92570235798017,17.93
1640.917027026,62.581413630377696,17.94
1640.9172270259999,48.89977355838776,17.95
1640.917427026,27.90857017418146,17.96
1640.917627026,26.85802393165556,17.97
1640.917827026,31.593571666618633,17.98
1640.918027026,42.699641526728925,17.99
1640.9182270259998,52.460121624819294,18.0
1640.918427026,15.338535033057518,18.01
1640.918627026,23.689129632729134,18.02
1640.918827026,35.062149614506325,18.03
1640.9190270259999,56.623241857952685,18.04
1640.919227026,47.806756223433275,18.05
1640.919427026,59.742181396929894,18.06
1640.919627026,39.73091322508042,18.07
1640.919827026,64.07269559898725,18.08
1640.9200270259998,57.71634870016044,18.09
1640.920227026,49.5191476700232,18.1
1640.920427026,24.958820603905465,18.11
1640.920627026,24.145873215711212,18.12
1640.9208270259999,55.77562783282455,18.13
1640.921027026,45.617779873782034,18.14
1640.921227026,44.82119264972365,18.15
1640.921427026,42.3969449918776,18.16
1640.921627026,28.65603868610573,18.17
1640.9218270259998,55.12910077846011,18.18
1640.922027026,78.11984535943797,18.19
1640.922227026,24.66422127654709,18.2
1640.922427026,40.268347447101654,18.21
1640.9226270259999,72.58967475607918,18.22
1640.922827026,51.50389202254291,18.23
1640.923027026,37.34193658937396,18.24
1640.923227026,23.26423755026274,18.25
1640.923427026,85.02995031102012,18.26
1640.9236270259998,57.25022065557447,18.27
1640.923827026,33.7294013939508,18.28
1640.924027026,51.93020017533733,18.29
1640.924227026,24.332478137234965,18.3
1640.9244270259999,42.00711305690364,18.31
1640.924627026,80.95043950922049,18.32
1640.924827026,68.15988088568594,18.33
1640.925027026,49.42187037141263,18.34
1640.925227026,63.53260756452369,18.35
1640.9254270259999,36.18531644861097,18.36
1640.925627026,38.60468592640055,18.37
1640.925827026,36.86073764461474,18.38
1640.926027026,57.31008985214045,18.39
1640.9262270259999,60.69840677204953,18.4
1640.9264270259998,95.04932011075898,18.41
1640.926627026,55.610999813306634,18.42
1640.926827026,51.99940552528248,18.43
1640.927027026,51.580520526111926,18.44
1640.9272270259999,65.97980702533758,18.45
1640.927427026,41.535305031479815,18.46
1640.927627026,23.140127321686155,18.47
1640.927827026,36.75552800366387,18.48
1640.9280270259999,30.185719394481104,18.49
1640.9282270259998,22.99090069548457,18.5
1640.928427026,38.89531050252208,18.51
1640.928627026,69.37891180011911,18.52
1640.928827026,37.20284497129659,18.53
1640.9290270259999,53.784569738956435,18.54
1640.929227026,35.7481808238282,18.55
1640.929427026,46.88184694057732,18.56
1640.929627026,19.436631586365536,18.57
1640.9298270259999,64.86175790772961,18.58
1640.9300270259998,51.05815061122592,18.59
1640.930227026,34.6560868355115,18.6
1640.930427026,57.55230950777272,18.61
1640.930627026,44.86589461736872,18.62
1640.9308270259999,44.66283521350999,18.63
1640.931027026,55.822648748018864,18.64
1640.931227026,18.250150222945454,18.65
1640.931427026,49.57462841317757,18.66
1640.931627026,21.23162630103005,18.67
1640.9318270259998,74.19624432581503,18.68
1640.932027026,33.65845511596183,18.69
1640.932227026,58.164119396037314,18.7
1640.932427026,31.83903358217064,18.71
1640.9326270259999,19.38597175773434,18.72
1640.932827026,56.11843883117615,18.73
1640.933027026,42.52383222449382,18.74
1640.933227026,60.73416338596218,18.75
1640.933427026,41.32107579865614,18.76
1640.9336270259998,48.96214172784405,18.77
1640.933827026,29.098661864727948,18.78
1640.934027026,66.69845158411812,18.79
1640.934227026,51.1719468475168,18.8
1640.9344270259999,36.75311420935139,18.81
1640.934627026,49.27791016104975,18.82
1640.934827026,66.77239237302939,18.83
1640.935027026,58.988943514280756,18.84
1640.935227026,39.835366831822135,18.85
1640.9354270259998,72.50441588924953,18.86
1640.935627026,40.99829951710839,18.87
1640.935827026,55.754609878153886,18.88
1640.936027026,43.526898875197325,18.89
1640.9362270259999,43.410125324801214,18.9
1640.936427026,10.932657129728568,18.91
1640.936627026,47.304420541763044,18.92
1640.936827026,25.439787717947663,18.93
1640.937027026,22.747962056436062,18.94
1640.9372270259998,75.17334204396394,18.95
1640.937427026,59.0995756715118,18.96
1640.937627026,37.87304901682518,18.97
1640.937827026,54.02047332321336,18.98
1640.9380270259999,51.91324795811788,18.99
1640.938227026,61.98092555551866,19.0
1640.938427026,36.534955974427746,19.01
1640.938627026,33.57033157063154,19.02
1640.938827026,48.47362608768868,19.03
1640.9390270259998,36.71755634485237,19.04
1640.939227026,56.538458494679475,19.05
1640.939427026,39.55115205473619,19.06
1640.939627026,70.65601801948772,19.07
1640.9398270259999,33.929429462716485,19.08
1640.940027026,51.817557134392764,19.09
1640.940227026,48.944437629030304,19.1
1640.940427026,32.77832640894765,19.11
1640.940627026,68.39482848104802,19.12
1640.9408270259999,44.64965300955322,19.13
1640.941027026,64.92125693361666,19.14
1640.941227026,37.18506267558703,19.15
1640.941427026,59.73875246284878,19.16
1640.9416270259999,42.238129188062246,19.17
1640.9418270259998,53.172573625653094,19.18
1640.942027026,59.62955029472488,19.19
1640.942227026,65.81844634883515,19.2
1640.942427026,60.13211394933541,19.21
1640.9426270259999,49.850133700244626,19.22
1640.942827026,46.51251617785234,19.23
1640.943027026,41.54541629926172,19.24
1640.943227026,58.453582048861065,19.25
1640.9434270259999,55.35476988774133,19.26
1640.9436270259998,56.60285185177807,19.27
1640.943827026,28.082609109881087,19.28
1640.944027026,49.36814545966684,19.29
1640.944227026,46.049368986608094,19.3
1640.9444270259999,44.629857902845096,19.31
1640.944627026,76.9238866469552,19.32
1640.944827026,68.15204082744978,19.33
1640.945027026,36.09913272977255,19.34
1640.9452270259999,70.33200939488461,19.35
1640.9454270259998,82.94441093125268,19.36
1640.945627026,102.94974699315387,19.37
1640.945827026,62.70550764037862,19.38
1640.946027026,61.87937875595304,19.39
1640.9462270259999,41.15766363794009,19.4
1640.946427026,41.595473302155135,19.41
1640.946627026,35.32563312121254,19.42
1640.946827026,28.73888901184784,19.43
1640.947027026,38.19114035916953,19.44
1640.9472270259998,46.29645792250986,19.45
1640.947427026,41.2962735569085,19.46
1640.947627026,50.590709577825145,19.47
1640.947827026,57.334218577437966,19.48
1640.9480270259999,38.583566882325506,19.49
1640.948227026,94.7826761500133,19.5
1640.948427026,60.0338970641997,19.51
1640.948627026,72.4150645959767,19.52
1640.948827026,79.56115466432423,19.53
1640.9490270259998,52.04620344359586,19.54
1640.949227026,54.916599755647404,19.55
1640.949427026,29.353912961810565,19.56
1640.949627026,45.43893596139525,19.57
1640.9498270259999,44.66292533072717,19.58
1640.950027026,63.07744388425166,19.59
1640.950227026,56.27553606286056,19.6
1640.950427026,20.62306420081878,19.61
1640.950627026,79.16729979663208,19.62
1640.9508270259998,64.98864643187878,19.63
1640.951027026,34.125207384303025,19.64
1640.951227026,27.49891707884541,19.65
1640.951427026,51.22234053951348,19.66
1640.9516270259999,49.00269408838544,19.67
1640.951827026,65.30123133958509,19.68
1640.952027026,23.416954115451965,19.69
1640.952227026,41.75261476223885,19.7
1640.952427026,51.21785139983098,19.71
1640.9526270259998,81.13457416661306,19.72
1640.952827026,12.00889132156859,19.73
1640.953027026,38.31971013905606,19.74
1640.953227026,47.112823108413764,19.75
1640.9534270259999,69.4100867202696,19.76
1640.953627026,50.08081620086932,19.77
1640.953827026,63.05537033497685,19.78
1640.954027026,76.26338135765829,19.79
1640.954227026,46.07123862629483,19.8
1640.9544270259998,52.13486019101767,19.81
1640.954627026,53.8088072733498,19.82
1640.954827026,11.540202278189199,19.83
1640.955027026,55.07719968009117,19.84
1640.9552270259999,64.75435543575018,19.85
1640.955427026,52.7291108806089,19.86
1640.955627026,68.20639492484266,19.87
1640.955827026,55.04244620299133,19.88
1640.956027026,74.45704066495006,19.89
1640.9562270259999,68.292594944827,19.9
1640.956427026,38.44138306226159,19.91
1640.956627026,57.33630807074692,19.92
1640.956827026,79.91865251017822,19.93
1640.9570270259999,50.871335842559795,19.94
1640.9572270259998,55.177847085244565,19.95
1640.957427026,52.26209502485141,19.96
1640.957627026,57.449399808507195,19.97
1640.957827026,34.32205537543305,19.98
1640.9580270259999,52.484719656434585,19.99
1640.958227026,18.7109122660081,20.0
1640.958427026,0.0,20.01
1640.958627026,0.0,20.02
1640.9588270259999,15.321611057223246,20.03
1640.9590270259998,0.0,20.04
1640.959227026,42.714238396511846,20.05
1640.959427026,30.12866762404629,20.06
1640.959627026,0.0,20.07
1640.9598270259999,123.87488736293705,20.08
1640.960027026,48.212583084270946,20.09
1640.960227026,126.2696535810326,20.1
1640.960427026,59.25840698223658,20.11
1640.9606270259999,0.0,20.12
1640.9608270259998,35.18528265259479,20.13
1640.961027026,20.357253496883327,20.14
1640.961227026,87.15900970906785,20.15
1640.961427026,59.82443191260069,20.16
1640.9616270259999,0.0,20.17
1640.961827026,93.1690904560459,20.18
1640.962027026,0.0,20.19
1640.962227026,0.0,20.2
1640.962427026,37.53030420196238,20.21
1640.9626270259998,98.21070967977556,20.22
1640.962827026,65.90483506257031,20.23
1640.963027026,0.0,20.24
1640.963227026,18.215691870814172,20.25
1640.9634270259999,0.0,20.26
1640.963627026,0.0,20.27
1640.963827026,16.35851007671082,20.28
1640.964027026,46.43774732293631,20.29
1640.964227026,134.4591988870035,20.3
1640.9644270259998,0.0,20.31
1640.964627026,94.46999879295703,20.32
1640.964827026,280.8275468362845,20.33
1640.965027026,114.42112270934271,20.34
1640.9652270259999,142.48547632967382,20.35
1640.965427026,55.18568225894796,20.36
1640.965627026,0.0,20.37
1640.965827026,0.0,20.38
1640.966027026,0.0,20.39
1640.9662270259998,92.34290832833206,20.4
1640.966427026,0.0,20.41
1640.966627026,56.02329320471587,20.42
1640.966827026,97.33844320180175,20.43
1640.9670270259999,0.0,20.44
1640.967227026,6.712371982365511,20.45
1640.967427026,202.9136548211618,20.46
1640.967627026,0.0,20.47
1640.967827026,77.32727297595291,20.48
1640.9680270259998,0.0,20.49
1640.968227026,0.0,20.5
1640.968427026,0.0,20.51
1640.968627026,127.14179211134126,20.52
1640.9688270259999,93.35552858663438,20.53
1640.969027026,15.770885863729468,20.54
1640.969227026,0.0,20.55
1640.969427026,87.62597484160602,20.56
1640.969627026,0.0,20.57
1640.9698270259998,150.9727754411138,20.58
1640.970027026,94.00206809423935,20.59
1640.970227026,119.84257205380098,20.6
1640.970427026,29.390691058200858,20.61
1640.9706270259999,193.2333834036452,20.62
1640.970827026,116.21529893105642,20.63
1640.971027026,39.1366764248772,20.64
1640.971227026,74.14450004557925,20.65
1640.971427026,63.77586066798425,20.66
1640.9716270259999,89.4258783680094,20.67
1640.971827026,104.16236564970978,20.68
1640.972027026,0.0,20.69
1640.972227026,76.3226761801902,20.7
1640.9724270259999,0.0,20.71
1640.9726270259998,136.67777520713605,20.72
1640.972827026,221.65762184306317,20.73
1640.973027026,0.0,20.74
1640.973227026,204.06578691816236,20.75
1640.9734270259999,89.65146714581005,20.76
1640.973627026,55.99624528346136,20.77
1640.973827026,33.771195612051905,20.78
1640.974027026,0.0,20.79
1640.9742270259999,101.21385342578176,20.8
1640.9744270259998,182.83776666296052,20.81
1640.974627026,215.32479689534006,20.82
1640.974827026,187.5943964940533,20.83
1640.975027026,87.02011708669775,20.84
1640.9752270259999,220.5177331222087,20.85
1640.975427026,139.47715029361888,20.86
1640.975627026,239.81443252980074,20.87
1640.975827026,183.35487754987304,20.88
1640.9760270259999,201.09368692291207,20.89
1640.9762270259998,109.52844169713077,20.9
1640.976427026,0.0,20.91
1640.976627026,80.44375282824628,20.92
1640.976827026,165.99949946830657,20.93
1640.9770270259999,83.98151406871926,20.94
1640.977227026,88.27515388276922,20.95
1640.977427026,178.50162163145546,20.96
1640.977627026,147.74657504433202,20.97
1640.9778270259999,50.436557499490895,20.98
1640.9780270259998,189.05594182693554,20.99
1640.978227026,85.24679546657944,21.0
1640.978427026,117.2677478716562,21.01
1640.978627026,48.727192292908704,21.02
1640.9788270259999,83.80713468750844,21.03
1640.979027026,253.80647549678355,21.04
1640.979227026,152.98015433334342,21.05
1640.979427026,0.0,21.06
1640.979627026,184.40523613343504,21.07
1640.9798270259998,152.75333947485956,21.08
1640.980027026,141.04486002204115,21.09
1640.980227026,31.027196473508,21.1
1640.980427026,39.998012405598246,21.11
1640.9806270259999,53.687049859341414,21.12
1640.980827026,52.632316651240956,21.13
1640.981027026,0.0,21.14
1640.981227026,138.0245440722329,21.15
1640.981427026,44.84299803127787,21.16
1640.9816270259998,187.7820183126055,21.17
1640.981827026,237.68382294493648,21.18
1640.982027026,45.20302255294639,21.19
1640.982227026,141.14408185309935,21.2
1640.9824270259999,135.1545871475995,21.21
1640.982627026,109.77021185895572,21.22
1640.982827026,211.69146003435338,21.23
1640.983027026,233.48035857417653,21.24
1640.983227026,110.17927072333786,21.25
1640.9834270259998,107.47376060142888,21.26
1640.983627026,221.7650878297199,21.27
1640.983827026,111.98860301962114,21.28
1640.984027026,87.4247106987552,21.29
1640.9842270259999,88.8306733258767,21.3
1640.984427026,81.59836416688492,21.31
1640.984627026,87.3093401951557,21.32
1640.984827026,92.6131544577444,21.33
1640.985027026,136.51839882216854,21.34
1640.9852270259998,314.0072717846277,21.35
1640.985427026,80.23438104133852,21.36
1640.985627026,242.9822385224365,21.37
1640.985827026,202.64995998333734,21.38
1640.9860270259999,193.71443837174567,21.39
1640.986227026,23.2174995018768,21.4
1640.986427026,177.72717740654684,21.41
1640.986627026,138.72628730238466,21.42
1640.986827026,42.600476508032685,21.43
1640.9870270259999,144.12182935316176,21.44
1640.987227026,126.79696589067686,21.45
1640.987427026,46.44741675529784,21.46
1640.987627026,235.67595298356252,21.47
1640.9878270259999,44.30890485146132,21.48
1640.9880270259998,122.29458145262839,21.49
1640.988227026,246.30890542296203,21.5
1640.988427026,113.21435550094601,21.51
1640.988627026,213.79765491027433,21.52
1640.9888270259999,161.00075127679818,21.53
1640.989027026,63.54849687306914,21.54
1640.989227026,86.51892974011858,21.55
1640.989427026,23.68559963482525,21.56
1640.9896270259999,248.46244824014383,21.57
1640.9898270259998,132.36225318380951,21.58
1640.990027026,214.03271637019373,21.59
1640.990227026,83.15987828148232,21.6
1640.990427026,285.17686143718964,21.61
1640.9906270259999,328.7846344151271,21.62
1640.990827026,239.53621204949414,21.63
1640.991027026,120.03335273277764,21.64
1640.991227026,240.4532346608715,21.65
1640.9914270259999,90.8341933890744,21.66
1640.9916270259998,56.179638849895085,21.67
1640.991827026,59.78656202643734,21.68
1640.992027026,241.2748010436726,21.69
1640.992227026,157.8343739799526,21.7
1640.9924270259999,253.55505120833806,21.71
1640.992627026,284.9349537512859,21.72
1640.992827026,234.0146180590254,21.73
1640.993027026,122.80200740062877,21.74
1640.9932270259999,238.85899282688,21.75
1640.9934270259998,204.03745314171186,21.76
1640.993627026,22.969447483385352,21.77
1640.993827026,291.49238859001343,21.78
1640.994027026,178.66708788666415,21.79
1640.9942270259999,62.31478600883314,21.8
1640.994427026,126.06987831351135,21.81
1640.994627026,149.73477877144535,21.82
1640.994827026,56.25258850290459,21.83
1640.995027026,89.96764222052062,21.84
1640.9952270259998,297.9636051623739,21.85
1640.995427026,138.50595800864153,21.86
1640.995627026,216.33053344340888,21.87
1640.995827026,28.13221509598577,21.88
1640.9960270259999,140.8797082133376,21.89
1640.996227026,154.79454477640445,21.9
1640.996427026,246.01353398908114,21.91
1640.996627026,110.62376569671373,21.92
1640.996827026,224.43196049577205,21.93
1640.9970270259998,79.51737371663955,21.94
1640.997227026,126.07424250177213,21.95
1640.997427026,360.56802134968933,21.96
1640.997627026,195.86537747945982,21.97
1640.9978270259999,274.31391453397407,21.98
1640.998027026,189.85630746989816,21.99
1640.998227026,193.0752676225172,22.0
1640.998427026,182.79997884133005,22.01
1640.998627026,147.95924148946511,22.02
1640.9988270259998,113.40149807289887,22.03
1640.999027026,268.12169095121993,22.04
1640.999227026,172.617321710092,22.05
1640.999427026,303.67476579558223,22.06
1640.9996270259999,253.20931524730017,22.07
1640.999827026,173.16188697068634,22.08
1641.000027026,216.76129927189294,22.09
1641.000227026,163.46250003947335,22.1
1641.000427026,236.3219394735723,22.11
1641.0006270259998,229.70553540373655,22.12
1641.000827026,237.36265367530422,22.13
1641.001027026,213.8887279075978,22.14
1641.001227026,61.49288862045884,22.15
1641.0014270259999,227.75278409325273,22.16
1641.001627026,209.73568201584888,22.17
1641.001827026,218.57149233297923,22.18
1641.002027026,159.05582929250957,22.19
1641.002227026,169.36002180015353,22.2
1641.0024270259999,132.43647651492373,22.21
1641.002627026,138.64815443886587,22.22
1641.002827026,158.62427046388274,22.23
1641.003027026,84.6578019580057,22.24
1641.0032270259999,126.76975625920143,22.25
1641.003427026,246.90899932512121,22.26
1641.003627026,165.8379212397286,22.27
1641.003827026,227.5702975637473,22.28
1641.004027026,147.92714450488256,22.29
1641.0042270259999,130.58305792993502,22.3
1641.004427026,267.0038067903873,22.31
1641.004627026,191.18158199436726,22.32
1641.004827026,318.70901568648304,22.33
1641.0050270259999,294.66039135936455,22.34
1641.0052270259998,185.74343474391674,22.35
1641.005427026,155.81477970848465,22.36
1641.005627026,189.65208797479522,22.37
1641.005827026,202.88135490075737,22.38
1641.0060270259999,176.74814674238272,22.39
1641.006227026,243.2434246681192,22.4
1641.006427026,249.03566797838778,22.41
1641.006627026,75.10420197377863,22.42
1641.0068270259999,264.90056733706456,22.43
1641.0070270259998,206.72572766353508,22.44
1641.007227026,219.50614323221023,22.45
1641.007427026,312.901017501641,22.46
1641.007627026,289.66487657381117,22.47
1641.0078270259999,187.71584651730245,22.48
1641.008027026,283.24986010706147,22.49
1641.008227026,187.37045389058113,22.5
1641.008427026,337.8705230547766,22.51
1641.0086270259999,178.38228554692586,22.52
1641.0088270259998,178.07699037847067,22.53
1641.009027026,127.32719389662088,22.54
1641.009227026,214.99630752166073,22.55
1641.009427026,118.90723770396542,22.56
1641.0096270259999,242.37315718541026,22.57
1641.009827026,225.6048737860251,22.58
1641.010027026,249.34986090682014,22.59
1641.010227026,371.9132857131633,22.6
1641.010427026,196.31278467835187,22.61
1641.0106270259998,258.09687998474595,22.62
1641.010827026,216.33252480236146,22.63
1641.011027026,215.69868661766364,22.64
1641.011227026,325.6767047709157,22.65
1641.0114270259999,359.6283304835098,22.66
1641.011627026,267.7375208977473,22.67
1641.011827026,312.94028555929174,22.68
1641.012027026,339.36511803359554,22.69
1641.012227026,230.81186432705653,22.7
1641.0124270259998,246.7432887125438,22.71
1641.012627026,234.9328512777189,22.72
1641.012827026,354.24573000110126,22.73
1641.013027026,268.72415984223124,22.74
1641.0132270259999,217.66481575559828,22.75
1641.013427026,232.16016911907687,22.76
1641.013627026,301.137664682125,22.77
1641.013827026,227.255235279638,22.78
1641.014027026,199.24981571258826,22.79
1641.0142270259998,238.32408628933527,22.8
1641.014427026,207.34579157111918,22.81
1641.014627026,150.22364180625863,22.82
1641.014827026,220.91380902245157,22.83
1641.0150270259999,273.38141468831344,22.84
1641.015227026,299.56269154489473,22.85
1641.015427026,225.18956958137042,22.86
1641.015627026,95.93044854183367,22.87
1641.015827026,348.36059543594945,22.88
1641.0160270259998,328.3744215386115,22.89
1641.016227026,357.6511861967033,22.9
1641.016427026,348.42436137328,22.91
1641.016627026,199.16050336120782,22.92
1641.0168270259999,154.12064557153332,22.93
1641.017027026,268.07381212918824,22.94
1641.017227026,286.59099478116906,22.95
1641.017427026,164.08490358132062,22.96
1641.017627026,135.74438088357647,22.97
1641.0178270259998,273.18084538169677,22.98
1641.018027026,479.27956282299084,22.99
1641.018227026,268.96014282151947,23.0
1641.018427026,238.4922506308647,23.01
1641.0186270259999,343.31971982192886,23.02
1641.018827026,126.0411710845818,23.03
1641.019027026,354.9120710688284,23.04
1641.019227026,227.04700553550435,23.05
1641.019427026,134.8477054590943,23.06
1641.0196270259999,496.260636684407,23.07
1641.019827026,338.6328853265073,23.08
1641.020027026,241.86892073345916,23.09
1641.020227026,384.0476012315522,23.1
1641.0204270259999,289.3286576695107,23.11
1641.0206270259998,287.0663516769257,23.12
1641.020827026,269.67697238373137,23.13
1641.021027026,218.45958239293918,23.14
1641.021227026,403.05651304639673,23.15
1641.0214270259999,284.83661110129714,23.16
1641.021627026,245.38563270050145,23.17
1641.021827026,297.4203371779728,23.18
1641.022027026,236.88605592259242,23.19
1641.0222270259999,291.44669656783014,23.2
1641.0224270259998,233.12247158469006,23.21
1641.022627026,335.4712131703948,23.22
1641.022827026,339.1555551698274,23.23
1641.023027026,258.4164086433208,23.24
1641.0232270259999,455.1594140677448,23.25
1641.023427026,170.16800795888128,23.26
1641.023627026,421.8224957530182,23.27
1641.023827026,277.1967656262588,23.28
1641.0240270259999,364.1693042004008,23.29
1641.0242270259998,243.57289907888872,23.3
1641.024427026,337.8805601893288,23.31
1641.024627026,416.13790691680674,23.32
1641.024827026,252.26773398234786,23.33
1641.0250270259999,186.78064524697143,23.34
1641.025227026,528.993965371048,23.35
1641.025427026,444.6809011201463,23.36
1641.025627026,374.22902828210874,23.37
1641.025827026,345.3118777927255,23.38
1641.0260270259998,273.7634097811383,23.39
1641.026227026,224.83683675441875,23.4
1641.026427026,352.0720050316147,23.41
1641.026627026,384.62242140210975,23.42
1641.0268270259999,271.47119618625885,23.43
1641.027027026,473.0461226089332,23.44
1641.027227026,425.9108670383812,23.45
1641.027427026,356.9779757616274,23.46
1641.027627026,384.9308071970127,23.47
1641.0278270259998,313.28657200746,23.48
1641.028027026,303.9308531709814,23.49
1641.028227026,334.1800849940623,23.5
1641.028427026,417.49736301980147,23.51
1641.0286270259999,334.706706652997,23.52
1641.028827026,455.2368936460167,23.53
1641.029027026,255.4937635461759,23.54
1641.029227026,460.7915517364314,23.55
1641.029427026,323.3382983978786,23.56
1641.0296270259998,331.08059855756517,23.57
1641.029827026,422.830016754191,23.58
1641.030027026,289.2519551951717,23.59
1641.030227026,403.63998496420203,23.6
1641.0304270259999,412.9111758019103,23.61
1641.030627026,487.4352094040063,23.62
1641.030827026,501.7862050373866,23.63
1641.031027026,258.5495782983882,23.64
1641.031227026,290.3827105858061,23.65
1641.0314270259998,340.2264267070669,23.66
1641.031627026,417.4222175951388,23.67
1641.031827026,301.65601356828785,23.68
1641.032027026,246.55824052880848,23.69
1641.0322270259999,466.8406369833832,23.7
1641.032427026,217.33470589436837,23.71
1641.032627026,264.09822370321154,23.72
1641.032827026,326.3397406554529,23.73
1641.033027026,308.0223839692702,23.74
1641.0332270259998,420.60377547857604,23.75
1641.033427026,402.77597725065783,23.76
1641.033627026,243.278231660585,23.77
1641.033827026,338.95430151635423,23.78
1641.0340270259999,429.3912543876146,23.79
1641.034227026,357.01259420848925,23.8
1641.034427026,510.2183231649207,23.81
1641.034627026,233.52423126515123,23.82
1641.034827026,448.9618133157202,23.83
1641.0350270259999,365.48348993553356,23.84
1641.035227026,242.20787263140033,23.85
1641.035427026,405.6701249994937,23.86
1641.035627026,476.360273277591,23.87
1641.0358270259999,293.1304947816659,23.88
1641.0360270259998,393.87241373754415,23.89
1641.036227026,401.72366521483144,23.9
1641.036427026,397.83146521519154,23.91
1641.036627026,207.93267607207574,23.92
1641.0368270259999,277.4308589545014,23.93
1641.037027026,332.1147535557843,23.94
1641.037227026,261.06363512394864,23.95
1641.037427026,204.89667534876105,23.96
1641.0376270259999,386.19109307559717,23.97
1641.0378270259998,261.47873444324864,23.98
1641.038027026,458.7079998524054,23.99
1641.038227026,385.989448093881,24.0
1641.038427026,407.6701822458224,24.01
1641.0386270259999,369.3058637909518,24.02
1641.038827026,403.30701548900106,24.03
1641.039027026,298.2952575023734,24.04
1641.039227026,443.1615529115175,24.05
1641.0394270259999,385.0205863249813,24.06
1641.0396270259998,468.01191180730086,24.07
1641.039827026,245.6879366303833,24.08
1641.040027026,390.5437815912832,24.09
1641.040227026,423.3218157295553,24.1
1641.0404270259999,498.861285742134,24.11
1641.040627026,456.8766836322309,24.12
1641.040827026,392.75178120681306,24.13
1641.041027026,496.0545989458011,24.14
1641.041227026,456.9833123156491,24.15
1641.0414270259998,251.9047649844361,24.16
1641.041627026,456.5158784392728,24.17
1641.041827026,439.98029177988724,24.18
1641.042027026,434.01592751713923,24.19
1641.0422270259999,318.4940735818261,24.2
1641.042427026,330.6696984298027,24.21
1641.042627026,375.50468838985535,24.22
1641.042827026,340.69710457319377,24.23
1641.043027026,348.9344648384531,24.24
1641.0432270259998,487.551886902093,24.25
1641.043427026,414.374932018187,24.26
1641.043627026,433.6547274046513,24.27
1641.043827026,463.3958416747277,24.28
1641.0440270259999,452.46879460688564,24.29
1641.044227026,434.48631678343594,24.3
1641.044427026,389.87693043679957,24.31
1641.044627026,433.18706702989186,24.32
1641.044827026,505.7929536728074,24.33
1641.0450270259998,392.94028126693854,24.34
1641.045227026,504.57497303016277,24.35
1641.045427026,429.4110469362837,24.36
1641.045627026,367.0963993589591,24.37
1641.0458270259999,484.57942910917836,24.38
1641.046027026,486.94741822784204,24.39
1641.046227026,352.3497101198384,24.4
1641.046427026,488.1996419922642,24.41
1641.046627026,400.9176864130634,24.42
1641.0468270259998,400.6115016423192,24.43
1641.047027026,559.9670913494606,24.44
1641.047227026,569.8300294685113,24.45
1641.047427026,276.14966289842454,24.46
1641.0476270259999,387.7061353110497,24.47
1641.047827026,431.3241541032862,24.48
1641.048027026,322.55374633866825,24.49
1641.048227026,368.2578793339891,24.5
1641.048427026,480.31143216205317,24.51
1641.0486270259998,230.91860908100162,24.52
1641.048827026,442.27087470295163,24.53
1641.049027026,372.4234963936117,24.54
1641.049227026,585.8530290657898,24.55
1641.0494270259999,519.2703824474365,24.56
1641.049627026,296.18546125356056,24.57
1641.049827026,482.3542313602783,24.58
1641.050027026,391.2734503646687,24.59
1641.050227026,423.11534564069507,24.6
1641.0504270259999,419.25620219982324,24.61
1641.050627026,420.48623981541425,24.62
1641.050827026,550.820065005543,24.63
1641.051027026,430.6705509601217,24.64
1641.0512270259999,476.4731673635134,24.65
1641.0514270259998,484.16007436724897,24.66
1641.051627026,455.7263317886281,24.67
1641.051827026,501.88960753724547,24.68
1641.052027026,484.2124072057827,24.69
1641.0522270259999,465.8251695767021,24.7
1641.052427026,494.190869514181,24.71
1641.052627026,345.822167018721,24.72
1641.052827026,375.0906258666556,24.73
1641.0530270259999,375.4948884917129,24.74
1641.0532270259998,677.5143018916776,24.75
1641.053427026,568.0547894360737,24.76
1641.053627026,452.9427132263631,24.77
1641.053827026,550.5004237249625,24.78
1641.0540270259999,390.27625758430213,24.79
1641.054227026,477.67789323052466,24.8
1641.054427026,405.07593327284167,24.81
1641.054627026,485.96639318983625,24.82
1641.0548270259999,452.4164670023782,24.83
1641.0550270259998,575.2215436169475,24.84
1641.055227026,431.6960392753112,24.85
1641.055427026,552.775057469347,24.86
1641.055627026,381.3683321909619,24.87
1641.0558270259999,400.9837607810472,24.88
1641.056027026,384.4113075344574,24.89
1641.056227026,507.81053727560754,24.9
1641.056427026,508.64312580614586,24.91
1641.056627026,479.1693688031373,24.92
1641.0568270259998,453.5867070338619,24.93
1641.057027026,546.8929401816011,24.94
1641.057227026,546.5857582222696,24.95
1641.057427026,365.3127913257141,24.96
1641.0576270259999,604.476005004678,24.97
1641.057827026,401.7027182022135,24.98
1641.058027026,421.339289762775,24.99
1641.058227026,382.9259808315739,25.0
1641.058427026,294.12594552560944,25.01
1641.0586270259998,398.3295257863683,25.02
1641.058827026,496.76087607380487,25.03
1641.059027026,436.9079639156325,25.04
1641.059227026,533.2472312776133,25.05
1641.0594270259999,634.5589580607266,25.06
1641.059627026,431.217075388454,25.07
1641.059827026,558.4329567150592,25.08
1641.060027026,385.5860361028329,25.09
1641.060227026,408.8411884771335,25.1
1641.0604270259998,476.6853426826618,25.11
1641.060627026,434.8241172108218,25.12
1641.060827026,519.0712526694066,25.13
1641.061027026,607.8977124067218,25.14
1641.0612270259999,555.1544983137281,25.15
1641.061427026,434.02279343899795,25.16
1641.061627026,402.9208438744791,25.17
1641.061827026,519.1179346921124,25.18
1641.062027026,543.4914600686321,25.19
1641.0622270259998,549.4942732602563,25.2
1641.062427026,500.461952114836,25.21
1641.062627026,373.9952941482386,25.22
1641.062827026,339.57780708065246,25.23
1641.0630270259999,415.91131890676627,25.24
1641.063227026,501.9282393372956,25.25
1641.063427026,634.2097812037764,25.26
1641.063627026,567.6215281189883,25.27
1641.063827026,404.67902437697865,25.28
1641.0640270259998,464.8914171366571,25.29
1641.064227026,468.2626566623725,25.3
1641.064427026,564.6762912576211,25.31
1641.064627026,580.1238179189868,25.32
1641.0648270259999,500.3137383478156,25.33
1641.065027026,533.8446285215022,25.34
1641.065227026,552.9683473081702,25.35
1641.065427026,435.2557470759257,25.36
1641.065627026,525.3328673423763,25.37
1641.0658270259999,467.7247228383686,25.38
1641.066027026,639.1263490292287,25.39
1641.066227026,534.3089586773618,25.4
1641.066427026,497.97647835906577,25.41
1641.0666270259999,573.8065106524778,25.42
1641.0668270259998,679.7782099651007,25.43
1641.067027026,481.1991104163431,25.44
1641.067227026,754.0676812213422,25.45
1641.067427026,481.37190851517835,25.46
1641.0676270259999,610.7514792164084,25.47
1641.067827026,434.4011817833724,25.48
1641.068027026,472.865390705904,25.49
1641.068227026,519.5237973181852,25.5
1641.0684270259999,449.27774648236004,25.51
1641.0686270259998,574.3566448854981,25.52
1641.068827026,467.81711943947414,25.53
1641.069027026,468.5223717359547,25.54
1641.069227026,643.2710581567301,25.55
1641.0694270259999,409.12074022144697,25.56
1641.069627026,553.7516103966486,25.57
1641.069827026,547.9146633398343,25.58
1641.070027026,639.3947002674564,25.59
1641.0702270259999,470.4106328142801,25.6
1641.0704270259998,424.2383782636539,25.61
1641.070627026,516.9236792934508,25.62
1641.070827026,577.1185227007467,25.63
1641.071027026,451.21754516336557,25.64
1641.0712270259999,495.07558049875826,25.65
1641.071427026,447.0871752500966,25.66
1641.071627026,554.1850586999875,25.67
1641.071827026,471.21014270797207,25.68
1641.072027026,423.21564690144567,25.69
1641.0722270259998,592.2726068949472,25.7
1641.072427026,535.5769764311581,25.71
1641.072627026,452.28642893691625,25.72
1641.072827026,482.29967550272454,25.73
1641.0730270259999,513.4523038535739,25.74
1641.073227026,446.65928644911685,25.75
1641.073427026,581.8138362892139,25.76
1641.073627026,615.1672983150851,25.77
1641.073827026,524.1947675430674,25.78
1641.0740270259998,546.9551932787567,25.79
1641.074227026,495.5120376326919,25.8
1641.074427026,580.1875812502633,25.81
1641.074627026,450.593156038445,25.82
1641.0748270259999,618.999549483072,25.83
1641.075027026,528.3092496301568,25.84
1641.075227026,577.6993435668808,25.85
1641.075427026,645.151295041353,25.86
1641.075627026,647.7800819662814,25.87
1641.0758270259998,639.0337192602109,25.88
1641.076027026,596.5477123183227,25.89
1641.076227026,600.1885124029988,25.9
1641.076427026,566.9878336297962,25.91
1641.0766270259999,550.7263589107322,25.92
1641.076827026,557.658804392736,25.93
1641.077027026,644.2302529780283,25.94
1641.077227026,575.9386629315586,25.95
1641.077427026,690.9123116709948,25.96
1641.0776270259998,513.5046752786096,25.97
1641.077827026,646.0538781036537,25.98
1641.078027026,540.8055460659637,25.99
1641.078227026,696.4655076141421,26.0
1641.0784270259999,560.6832171342867,26.01
1641.078627026,743.8912998678388,26.02
1641.078827026,739.3426287236884,26.03
1641.079027026,572.7441245384443,26.04
1641.079227026,451.37824197428256,26.05
1641.0794270259998,512.3615528536359,26.06
1641.079627026,606.6559677525462,26.07
1641.079827026,581.9897742204655,26.08
1641.080027026,724.0397787391681,26.09
1641.0802270259999,516.511401430864,26.1
1641.080427026,580.5066232233376,26.11
1641.080627026,617.4140132717017,26.12
1641.080827026,614.0332096450217,26.13
1641.081027026,439.0352162485402,26.14
1641.0812270259999,604.7013595848678,26.15
1641.081427026,474.09692061483304,26.16
1641.081627026,688.7647618014847,26.17
1641.081827026,491.4887542970591,26.18
1641.0820270259999,747.5300692823557,26.19
1641.0822270259998,647.5590806103855,26.2
1641.082427026,609.5485241071495,26.21
1641.082627026,543.1711618067916,26.22
1641.082827026,715.8966916646624,26.23
1641.0830270259999,493.3013962695864,26.24
1641.083227026,532.3342595789464,26.25
1641.083427026,692.321014963146,26.26
1641.083627026,634.143875867713,26.27
1641.0838270259999,639.0110953899671,26.28
1641.0840270259998,545.4762347674265,26.29
1641.084227026,731.4671080301688,26.3
1641.084427026,593.3893598183117,26.31
1641.084627026,602.8976846845925,26.32
1641.0848270259999,658.0158818560153,26.33
1641.085027026,660.5589720264359,26.34
1641.085227026,699.6558382200407,26.35
1641.085427026,559.1516740736427,26.36
1641.0856270259999,757.7281761417593,26.37
1641.0858270259998,693.6706533959064,26.38
1641.086027026,594.5587916922791,26.39
1641.086227026,739.6378632741478,26.4
1641.086427026,701.5398784130612,26.41
1641.0866270259999,495.0688669401444,26.42
1641.086827026,693.7310820185859,26.43
1641.087027026,709.6140971754172,26.44
1641.087227026,512.9351592816834,26.45
1641.087427026,571.5756985615021,26.46
1641.0876270259998,580.8891846246113,26.47
1641.087827026,597.2167828456788,26.48
1641.088027026,669.3156846208952,26.49
1641.088227026,640.3486409843616,26.5
1641.0884270259999,699.8252926405869,26.51
1641.088627026,855.1118971134929,26.52
1641.088827026,661.5842245762557,26.53
1641.089027026,649.2098979415786,26.54
1641.089227026,692.1776204502066,26.55
1641.0894270259998,682.4433606057672,26.56
1641.089627026,607.6005439442935,26.57
1641.089827026,612.8660382312062,26.58
1641.090027026,723.523468594908,26.59
1641.0902270259999,679.2125025829891,26.6
1641.090427026,614.3885402812597,26.61
1641.090627026,715.7393808275367,26.62
1641.090827026,557.0155234671797,26.63
1641.091027026,607.7869824749795,26.64
1641.0912270259998,622.5389089191438,26.65
1641.091427026,531.96445261834,26.66
1641.091627026,776.2807234960727,26.67
1641.091827026,601.8325981867869,26.68
1641.0920270259999,577.5121061012964,26.69
1641.092227026,582.3104473758328,26.7
1641.092427026,699.8204724529655,26.71
1641.092627026,612.511138442777,26.72
1641.092827026,673.9463222662101,26.73
1641.0930270259998,535.7805501718929,26.74
1641.093227026,514.8903376704247,26.75
1641.093427026,747.9465899061519,26.76
1641.093627026,685.4409948373277,26.77
1641.0938270259999,678.82256305102,26.78
1641.094027026,517.0945451388802,26.79
1641.094227026,562.4301511267898,26.8
1641.094427026,725.3584129222309,26.81
1641.094627026,597.138426311971,26.82
1641.0948270259998,713.7431917126014,26.83
1641.095027026,548.4038811370036,26.84
1641.095227026,694.4692221292017,26.85
1641.095427026,719.3471917601294,26.86
1641.0956270259999,604.1100716641369,26.87
1641.095827026,709.8731552120552,26.88
1641.096027026,719.3422350170839,26.89
1641.096227026,590.1424852322726,26.9
1641.096427026,650.8487889857186,26.91
1641.0966270259999,526.2656391086954,26.92
1641.096827026,521.294461112207,26.93
1641.097027026,632.9707082606012,26.94
1641.097227026,682.8725126879591,26.95
1641.0974270259999,693.3763761212574,26.96
1641.0976270259998,672.3279685131621,26.97
1641.097827026,564.8186051919749,26.98
1641.098027026,760.3380638611083,26.99
1641.098227026,742.8151664637485,27.0
1641.0984270259999,592.289211520955,27.01
1641.098627026,712.0239126831179,27.02
1641.098827026,587.2632114655703,27.03
1641.099027026,667.3157847323321,27.04
1641.0992270259999,768.9830010823104,27.05
1641.0994270259998,638.8595455636753,27.06
1641.099627026,708.3236273163762,27.07
1641.099827026,665.0704112235418,27.08
1641.100027026,693.2506613166906,27.09
1641.1002270259999,553.6781868628332,27.1
1641.100427026,636.3517362137611,27.11
1641.100627026,578.233399058201,27.12
1641.100827026,683.9182026756549,27.13
1641.1010270259999,606.3641895631638,27.14
1641.1012270259998,745.742617044367,27.15
1641.101427026,640.9470780311369,27.16
1641.101627026,547.6183946732162,27.17
1641.101827026,788.8837220357749,27.18
1641.1020270259999,856.1718887227863,27.19
1641.102227026,731.7610175013018,27.2
1641.102427026,603.9544865907102,27.21
1641.102627026,625.8485169293864,27.22
1641.1028270259999,771.5444339026724,27.23
1641.1030270259998,558.0738194426374,27.24
1641.103227026,699.7592620824763,27.25
1641.103427026,724.3410184284143,27.26
1641.103627026,633.8211810058414,27.27
1641.1038270259999,583.1678864669722,27.28
1641.104027026,752.7558935619712,27.29
1641.104227026,744.906873885412,27.3
1641.104427026,628.0379990182565,27.31
1641.104627026,728.4073681906132,27.32
1641.1048270259998,764.8859270220382,27.33
1641.105027026,674.9248945664776,27.34
1641.105227026,729.7254488112707,27.35
1641.105427026,740.3066555972662,27.36
1641.1056270259999,740.3431261720008,27.37
1641.105827026,784.083117431745,27.38
1641.106027026,691.37309579345,27.39
1641.106227026,824.0013014982876,27.4
1641.106427026,851.0614165711235,27.41
1641.1066270259998,708.156793635088,27.42
1641.106827026,619.8604251685432,27.43
1641.107027026,652.8469263715596,27.44
1641.107227026,753.7263045270789,27.45
1641.1074270259999,693.5631928634841,27.46
1641.107627026,858.6815150837018,27.47
1641.107827026,804.9460727724254,27.48
1641.108027026,932.096704226893,27.49
1641.108227026,764.8119356441593,27.5
1641.1084270259998,687.5122170688528,27.51
1641.108627026,793.7635203192209,27.52
1641.108827026,686.9676006330886,27.53
1641.109027026,768.8234273367752,27.54
1641.1092270259999,752.6320486728472,27.55
1641.109427026,761.7370113558472,27.56
1641.109627026,810.5807474026305,27.57
1641.109827026,702.833168923585,27.58
1641.110027026,747.2420626180951,27.59
1641.1102270259998,730.3051854313069,27.6
1641.110427026,769.2810058059612,27.61
1641.110627026,520.7062863166849,27.62
1641.110827026,673.5051826002054,27.63
1641.1110270259999,648.7977339839072,27.64
1641.111227026,766.2074059799065,27.65
1641.111427026,779.9474252202024,27.66
1641.111627026,692.132100385328,27.67
1641.111827026,700.0059777816546,27.68
1641.1120270259999,713.1508710330102,27.69
1641.112227026,781.5347569148042,27.7
1641.112427026,689.7961723245937,27.71
1641.112627026,634.9815909172405,27.72
1641.1128270259999,750.0410473769589,27.73
1641.1130270259998,871.7896535574463,27.74
1641.113227026,682.0409850979468,27.75
1641.113427026,721.5438114272986,27.76
1641.113627026,689.00516011564,27.77
1641.1138270259999,684.0498000644893,27.78
1641.114027026,812.661660470882,27.79
1641.114227026,823.048989186186,27.8
1641.114427026,759.4879296891503,27.81
1641.1146270259999,781.7773683823903,27.82
1641.1148270259998,851.7022662221374,27.83
1641.115027026,759.4968546389878,27.84
1641.115227026,627.7857972852731,27.85
1641.115427026,672.9060043438967,27.86
1641.1156270259999,829.6286445877324,27.87
1641.115827026,790.3439309195794,27.88
1641.116027026,755.401576446863,27.89
1641.116227026,817.0740292624798,27.9
1641.1164270259999,833.4970644874527,27.91
1641.1166270259998,722.816938259668,27.92
1641.116827026,712.8987061744641,27.93
1641.117027026,626.5128496984245,27.94
1641.117227026,551.8363612308474,27.95
1641.1174270259999,814.4819283327652,27.96
1641.117627026,728.1960086157566,27.97
1641.117827026,795.088917732626,27.98
1641.118027026,824.4259073702837,27.99
1641.1182270259999,637.2756812440136,28.0
1641.1184270259998,769.105722639736,28.01
1641.118627026,800.7981182132862,28.02
1641.118827026,863.7623390272857,28.03
1641.119027026,631.0783351840969,28.04
1641.1192270259999,708.837538221874,28.05
1641.119427026,906.5695416718495,28.06
1641.119627026,845.1706859138504,28.07
1641.119827026,699.218512231204,28.08
1641.120027026,867.5590874451035,28.09
1641.1202270259998,776.6500168504706,28.1
1641.120427026,992.4439783675958,28.11
1641.120627026,714.4173191144203,28.12
1641.120827026,662.0720678394714,28.13
1641.1210270259999,867.7185181841223,28.14
1641.121227026,788.8374807176166,28.15
1641.121427026,776.5658069108755,28.16
1641.121627026,892.9465221136429,28.17
1641.121827026,881.309690109662,28.18
1641.1220270259998,742.6614997659277,28.19
1641.122227026,709.7368934482423,28.2
1641.122427026,881.7208550915302,28.21
1641.122627026,739.9127821281103,28.22
1641.1228270259999,922.1998753221907,28.23
1641.123027026,846.6443768473719,28.24
1641.123227026,742.6225772600733,28.25
1641.123427026,706.1176240979188,28.26
1641.123627026,816.3984301137979,28.27
1641.1238270259998,731.4260387663945,28.28
1641.124027026,795.436627804195,28.29
1641.124227026,794.9143917239095,28.3
1641.124427026,780.5225361859518,28.31
1641.1246270259999,769.1816468738621,28.32
1641.124827026,868.2770197451395,28.33
1641.125027026,698.7915014781099,28.34
1641.125227026,803.1933232412023,28.35
1641.125427026,844.1490864459281,28.36
1641.1256270259998,744.4607739608274,28.37
1641.125827026,795.3394262811399,28.38
1641.126027026,817.7028958872268,28.39
1641.126227026,713.1694616503343,28.4
1641.1264270259999,816.3094414675866,28.41
1641.126627026,805.3296845365489,28.42
1641.126827026,857.331407955405,28.43
1641.127027026,881.7667999895066,28.44
1641.127227026,804.2351093200311,28.45
1641.1274270259999,969.304658827592,28.46
1641.127627026,784.1246490523203,28.47
1641.127827026,828.9744347217106,28.48
1641.128027026,849.8196883519096,28.49
1641.1282270259999,829.8070338312676,28.5
1641.128427026,831.202602913539,28.51
1641.128627026,687.0338061880104,28.52
1641.128827026,853.5547098798847,28.53
1641.129027026,837.5199026796606,28.54
1641.1292270259999,869.3994780226607,28.55
1641.129427026,821.4848720096078,28.56
1641.129627026,992.7336239780825,28.57
1641.129827026,825.4663169687414,28.58
1641.1300270259999,760.3122764621959,28.59
1641.1302270259998,813.7659782079331,28.6
1641.130427026,739.5509797041558,28.61
1641.130627026,885.4061026005346,28.62
1641.130827026,910.5039047738281,28.63
1641.1310270259999,776.1552605804461,28.64
1641.131227026,826.3208719841718,28.65
1641.131427026,761.2786789956425,28.66
1641.131627026,903.0218223960436,28.67
1641.1318270259999,806.7999797166517,28.68
1641.1320270259998,753.760551411354,28.69
1641.132227026,895.7323087275736,28.7
1641.132427026,824.3745607449648,28.71
1641.132627026,770.5974033426047,28.72
1641.1328270259999,881.2752086775362,28.73
1641.133027026,737.7939526181069,28.74
1641.133227026,849.5206972537375,28.75
1641.133427026,977.3722274133224,28.76
1641.1336270259999,766.7087572621305,28.77
1641.1338270259998,901.023382602441,28.78
1641.134027026,746.8730221450737,28.79
1641.134227026,923.81175298767,28.8
1641.134427026,825.0508107199929,28.81
1641.1346270259999,830.614933544642,28.82
1641.134827026,837.7266262216126,28.83
1641.135027026,886.8147392581105,28.84
1641.135227026,852.2882039910434,28.85
1641.135427026,791.7585047568518,28.86
1641.1356270259998,939.1809793539597,28.87
1641.135827026,812.0010208081324,28.88
1641.136027026,847.6469073705872,28.89
1641.136227026,882.9883095138716,28.9
1641.1364270259999,772.513953470097,28.91
1641.136627026,781.3375014906845,28.92
1641.136827026,829.0537327347267,28.93
1641.137027026,829.4945630638188,28.94
1641.137227026,806.2730307937172,28.95
1641.1374270259998,947.803263064221,28.96
1641.137627026,758.1580424233698,28.97
1641.137827026,820.5549177702992,28.98
1641.138027026,878.11023160329,28.99
1641.1382270259999,977.191508511824,29.0
1641.138427026,929.5324201388898,29.01
1641.138627026,907.4846386062987,29.02
1641.138827026,767.0911113309526,29.03
1641.139027026,768.3736973657374,29.04
1641.1392270259998,890.7428115710894,29.05
1641.139427026,820.4600438682542,29.06
1641.139627026,898.5530507979756,29.07
1641.139827026,857.8830638786433,29.08
1641.1400270259999,940.3228798005896,29.09
1641.140227026,732.1109345868298,29.1
1641.140427026,802.077540608095,29.11
1641.140627026,836.926477948099,29.12
1641.140827026,867.1704454993477,29.13
1641.1410270259998,885.4132043600404,29.14
1641.141227026,918.3282304788936,29.15
1641.141427026,820.9144577125265,29.16
1641.141627026,860.8032560176686,29.17
1641.1418270259999,883.3546186137123,29.18
1641.142027026,772.3375636151884,29.19
1641.142227026,912.1828920568285,29.2
1641.142427026,814.3283377459387,29.21
1641.142627026,976.8225735192339,29.22
1641.1428270259998,867.5161195449521,29.23
1641.143027026,820.01161091805,29.24
1641.143227026,803.335846527936,29.25
1641.143427026,931.3717253318111,29.26
1641.1436270259999,840.0898703299091,29.27
1641.143827026,858.3333922358569,29.28
1641.144027026,856.2143840216295,29.29
1641.144227026,993.3473662160366,29.3
1641.144427026,879.6602345998783,29.31
1641.1446270259999,1057.7107862353328,29.32
1641.144827026,988.4999604525416,29.33
1641.145027026,954.9334177646177,29.34
1641.145227026,840.5643608415012,29.35
1641.1454270259999,930.2408043369896,29.36
1641.1456270259998,1046.1416870397572,29.37
1641.145827026,842.2131350813179,29.38
1641.146027026,993.4395344465987,29.39
1641.146227026,943.7710838129531,29.4
1641.1464270259999,853.4483750296397,29.41
1641.146627026,874.1157755418631,29.42
1641.146827026,812.1856874407852,29.43
1641.147027026,941.0398951089528,29.44
1641.1472270259999,857.8341751927424,29.45
1641.1474270259998,863.3382910657189,29.46
1641.147627026,965.5233791951515,29.47
1641.147827026,926.9913642315171,29.48
1641.148027026,931.9399812328302,29.49
1641.1482270259999,997.2712295358472,29.5
1641.148427026,902.2198012520831,29.51
1641.148627026,965.8789288358671,29.52
1641.148827026,895.8540191581029,29.53
1641.1490270259999,932.8379000308373,29.54
1641.1492270259998,950.4380974765421,29.55
1641.149427026,909.8183796190378,29.56
1641.149627026,760.8495855216778,29.57
1641.149827026,1004.0633073012614,29.58
1641.1500270259999,990.3796133528353,29.59
1641.150227026,872.0945153772645,29.6
1641.150427026,684.0338805245825,29.61
1641.150627026,736.3057203075839,29.62
1641.150827026,743.5679319267616,29.63
1641.1510270259998,796.8168212944433,29.64
1641.151227026,859.1526747297021,29.65
1641.151427026,885.0401786361425,29.66
1641.151627026,867.3746076638976,29.67
1641.1518270259999,873.1298027282048,29.68
1641.152027026,839.3363958127154,29.69
1641.152227026,813.7878604799351,29.7
1641.152427026,896.5425563093031,29.71
1641.152627026,1040.7061146808828,29.72
1641.1528270259998,946.6836690090113,29.73
1641.153027026,911.3984147092131,29.74
1641.153227026,822.0822517670827,29.75
1641.153427026,1031.6679961521202,29.76
1641.1536270259999,772.2415753334744,29.77
1641.153827026,875.2540549491354,29.78
1641.154027026,849.6753480306181,29.79
1641.154227026,752.3961513989461,29.8
1641.154427026,842.8020452029663,29.81
1641.1546270259998,971.3460263280828,29.82
1641.154827026,902.153374839763,29.83
1641.155027026,900.2726234113699,29.84
1641.155227026,988.8579876012008,29.85
1641.1554270259999,842.3641430903002,29.86
1641.155627026,1024.976536730753,29.87
1641.155827026,922.4175399193932,29.88
1641.156027026,838.8324058104619,29.89
1641.156227026,935.0751676605324,29.9
1641.1564270259998,923.4356135460117,29.91
1641.156627026,995.4722057029708,29.92
1641.156827026,834.8954491337543,29.93
1641.157027026,919.1920801304262,29.94
1641.1572270259999,1001.6368004547792,29.95
1641.157427026,859.260828354612,29.96
1641.157627026,830.5751608212538,29.97
1641.157827026,957.3707406631545,29.98
1641.158027026,937.6867376412662,29.99
1641.1582270259998,849.4374362884092,30.0
1641.158427026,914.2369210542424,30.01
1641.158627026,1068.0400214149095,30.02
1641.158827026,979.64970697472,30.03
1641.1590270259999,968.0792625103148,30.04
1641.159227026,1118.0134157363568,30.05
1641.159427026,1058.6072838103212,30.06
1641.159627026,931.9615272121043,30.07
1641.159827026,848.1252934538229,30.08
1641.1600270259999,799.5113936092416,30.09
1641.160227026,957.3270555629751,30.1
1641.160427026,871.6089602536048,30.11
1641.160627026,944.4701768280655,30.12
1641.1608270259999,1026.3380965656775,30.13
1641.1610270259998,980.2043784603643,30.14
1641.161227026,1074.8444063272636,30.15
1641.161427026,996.8115814736844,30.16
1641.161627026,901.098717670808,30.17
1641.1618270259999,958.7946272926359,30.18
1641.162027026,1057.1801725473933,30.19
1641.162227026,1041.03160695749,30.2
1641.162427026,949.9652567798126,30.21
1641.1626270259999,1017.1581865870539,30.22
1641.1628270259998,1184.4648804868957,30.23
1641.163027026,839.3220604237139,30.24
1641.163227026,1018.5372605933903,30.25
1641.163427026,1011.151346032156,30.26
1641.1636270259999,989.5455535592027,30.27
1641.163827026,1168.1218034516114,30.28
1641.164027026,953.166806751283,30.29
1641.164227026,1065.1437710630496,30.3
1641.1644270259999,903.4300494015735,30.31
1641.1646270259998,978.6370072903557,30.32
1641.164827026,967.8420225809982,30.33
1641.165027026,959.4271144022936,30.34
1641.165227026,943.2599385876885,30.35
1641.1654270259999,886.0819320878098,30.36
1641.165627026,945.9654567460937,30.37
1641.165827026,999.2335382687728,30.38
1641.166027026,1054.22130453172,30.39
1641.166227026,1014.7559083876744,30.4
1641.1664270259998,1018.734785936518,30.41
1641.166627026,974.4175627306628,30.42
1641.166827026,1072.121599033685,30.43
1641.167027026,982.3171848811079,30.44
1641.1672270259999,906.8090331426888,30.45
1641.167427026,999.2468030635051,30.46
1641.167627026,956.2141859309331,30.47
1641.167827026,936.0702861889575,30.48
1641.168027026,1033.6083387887975,30.49
1641.1682270259998,992.9779611541568,30.5
1641.168427026,1126.1490653126448,30.51
1641.168627026,930.7085557852388,30.52
1641.168827026,1013.0473435761897,30.53
1641.1690270259999,886.0900176259709,30.54
1641.169227026,1028.6246927999173,30.55
1641.169427026,974.6076743162959,30.56
1641.169627026,1011.0168743907902,30.57
1641.169827026,976.1574808683125,30.58
1641.1700270259998,1029.0107816679447,30.59
1641.170227026,973.1868662273049,30.6
1641.170427026,1068.5692041503241,30.61
1641.170627026,963.7951702355975,30.62
1641.1708270259999,1099.7968735648258,30.63
1641.171027026,927.2255678749358,30.64
1641.171227026,1071.033147043861,30.65
1641.171427026,1001.0837309053388,30.66
1641.171627026,1085.5839741913303,30.67
1641.1718270259998,1022.823291181837,30.68
1641.172027026,952.835299937489,30.69
1641.172227026,1048.0981173832945,30.7
1641.172427026,910.5596076540286,30.71
1641.1726270259999,952.2347690485946,30.72
1641.172827026,1021.8169295382927,30.73
1641.173027026,988.3360286600267,30.74
1641.173227026,1173.3423090614863,30.75
1641.173427026,1070.833801081186,30.76
1641.1736270259998,976.0729585067897,30.77
1641.173827026,859.3706652126046,30.78
1641.174027026,1089.070372290472,30.79
1641.174227026,1146.6607443845749,30.8
1641.1744270259999,1099.0643442324285,30.81
1641.174627026,1041.93641684881,30.82
1641.174827026,995.3859153938201,30.83
1641.175027026,947.5712946259371,30.84
1641.175227026,1023.2632498505947,30.85
1641.1754270259999,909.0825392526217,30.86
1641.175627026,1128.2437567548116,30.87
1641.175827026,1130.8566727223924,30.88
1641.176027026,1240.2946019546396,30.89
1641.1762270259999,1039.7075192750735,30.9
1641.1764270259998,1210.3790020162692,30.91
1641.176627026,950.171943644994,30.92
1641.176827026,1221.1067842691766,30.93
1641.177027026,1089.8382906732315,30.94
1641.1772270259999,1003.678389834052,30.95
1641.177427026,1082.6328578256475,30.96
1641.177627026,1010.198438049269,30.97
1641.177827026,1105.9793193619478,30.98
1641.1780270259999,1008.862788827551,30.99
1641.1782270259998,1020.6256940781076,31.0
1641.178427026,1067.8035383585707,31.01
1641.178627026,1045.7894529094917,31.02
1641.178827026,1123.6840241109858,31.03
1641.1790270259999,1219.6330564640107,31.04
1641.179227026,1071.219223400643,31.05
1641.179427026,1032.7942707483778,31.06
1641.179627026,1074.6775939854676,31.07
1641.1798270259999,1087.4098136653313,31.08
1641.1800270259998,972.3055372861033,31.09
1641.180227026,1007.4362522941517,31.1
1641.180427026,1002.0112870101702,31.11
1641.180627026,1042.141961726349,31.12
1641.1808270259999,1029.5920020638007,31.13
1641.181027026,1034.9114213349742,31.14
1641.181227026,1057.2536130909832,31.15
1641.181427026,1104.360469348799,31.16
1641.181627026,1054.2135439251545,31.17
1641.1818270259998,1077.4425879374598,31.18
1641.182027026,1022.0147269467619,31.19
1641.182227026,1088.6443088992394,31.2
1641.182427026,1115.805779713994,31.21
1641.1826270259999,1132.5721767649752,31.22
1641.182827026,1012.7708691591852,31.23
1641.183027026,1109.9420996151473,31.24
1641.183227026,1145.6753856140697,31.25
1641.183427026,1129.3131034737914,31.26
1641.1836270259998,1101.6535582569647,31.27
1641.183827026,1051.0067153725925,31.28
1641.184027026,1171.0796065978927,31.29
1641.184227026,998.3185664841446,31.3
1641.1844270259999,1042.4946560062433,31.31
1641.184627026,1088.8853769430707,31.32
1641.184827026,1017.8847011200346,31.33
1641.185027026,865.9114090427565,31.34
1641.185227026,1110.0524142804165,31.35
1641.1854270259998,1170.9366479234543,31.36
1641.185627026,1190.1037608802649,31.37
1641.185827026,1073.047629003014,31.38
1641.186027026,1169.8736530003903,31.39
1641.1862270259999,1105.3537165823589,31.4
1641.186427026,1062.9550448275183,31.41
1641.186627026,1166.5117264754904,31.42
1641.186827026,958.3437477853361,31.43
1641.187027026,1051.2365435571942,31.44
1641.1872270259998,1042.3194189298003,31.45
1641.187427026,1189.5974218501144,31.46
1641.187627026,1048.067085427622,31.47
1641.187827026,1096.9152096497194,31.48
1641.1880270259999,1042.5045669190456,31.49
1641.188227026,1289.413856888813,31.5
1641.188427026,1013.868881834635,31.51
1641.188627026,1039.5346167795753,31.52
1641.188827026,1128.87670220182,31.53
1641.1890270259998,1042.6962261280685,31.54
1641.189227026,1133.2409153681535,31.55
1641.189427026,1079.4782989645387,31.56
1641.189627026,1056.4435586192321,31.57
1641.1898270259999,1180.4085475719608,31.58
1641.190027026,1079.9876803622508,31.59
1641.190227026,1129.2565803999898,31.6
1641.190427026,1076.5297359322374,31.61
1641.190627026,1013.6817304166138,31.62
1641.1908270259999,1145.4362193894744,31.63
1641.191027026,969.5958481139864,31.64
1641.191227026,1207.071025138393,31.65
1641.191427026,1036.481803403569,31.66
1641.1916270259999,1175.6819095034614,31.67
1641.1918270259998,1171.787207754253,31.68
1641.192027026,1186.8812183162943,31.69
1641.192227026,1067.3169458222276,31.7
1641.192427026,1207.398715985937,31.71
1641.1926270259999,1048.8867191384397,31.72
1641.192827026,970.3285103763066,31.73
1641.193027026,1100.9097061857938,31.74
1641.193227026,1150.083471114929,31.75
1641.1934270259999,1161.0260874226592,31.76
1641.1936270259998,1023.1551745936544,31.77
1641.193827026,1109.9179399264772,31.78
1641.194027026,1021.4459581347685,31.79
1641.194227026,1179.6478138347175,31.8
1641.1944270259999,1150.9390670938378,31.81
1641.194627026,1187.3745358429987,31.82
1641.194827026,1097.1099247411785,31.83
1641.195027026,1068.981109313492,31.84
1641.1952270259999,1078.0324009920787,31.85
1641.1954270259998,1138.034242046985,31.86
1641.195627026,1047.065854056653,31.87
1641.195827026,1171.5392821355022,31.88
1641.196027026,1237.5993897782976,31.89
1641.1962270259999,1110.859347688134,31.9
1641.196427026,1013.4966565380207,31.91
1641.196627026,1133.5827884112596,31.92
1641.196827026,1157.1652977286817,31.93
1641.197027026,1198.5577411021343,31.94
1641.1972270259998,1111.4877486317127,31.95
1641.197427026,1145.7984007242553,31.96
1641.197627026,1186.9278041771618,31.97
1641.197827026,1165.7363197927507,31.98
1641.1980270259999,1193.1166640498311,31.99
1641.198227026,1113.0333633165658,32.0
1641.198427026,1177.6126671493514,32.01
1641.198627026,1257.9153014544956,32.02
1641.198827026,1066.2103306751092,32.03
1641.1990270259998,1086.35275637011,32.04
1641.199227026,1112.4566170644343,32.05
1641.199427026,1133.452453828192,32.06
1641.199627026,1179.744557013199,32.07
1641.1998270259999,1223.3001136580144,32.08
1641.200027026,1179.0072819624493,32.09
1641.200227026,1238.7337665377825,32.1
1641.200427026,1224.216017886046,32.11
1641.200627026,1168.5854210393136,32.12
1641.2008270259998,927.514075850771,32.13
1641.201027026,1000.1052249181928,32.14
1641.201227026,1223.2570594466392,32.15
1641.201427026,1040.932024236428,32.16
1641.2016270259999,1209.6811555520069,32.17
1641.201827026,1153.8960673536578,32.18
1641.202027026,957.0316602445425,32.19
1641.202227026,1058.2794660927984,32.2
1641.202427026,1095.195907195346,32.21
1641.2026270259998,1148.717607887234,32.22
1641.202827026,1197.2885198873037,32.23
1641.203027026,1170.4341041687107,32.24
1641.203227026,1214.8036261923908,32.25
1641.2034270259999,1133.5810266882572,32.26
1641.203627026,1270.8096097206865,32.27
1641.203827026,1133.8872332390806,32.28
1641.204027026,1236.2612257180783,32.29
1641.204227026,1157.2746289457723,32.3
1641.2044270259998,1093.041644746002,32.31
1641.204627026,1127.7222845570213,32.32
1641.204827026,1176.3093389942899,32.33
1641.205027026,1332.9341375981476,32.34
1641.2052270259999,1104.6823382452826,32.35
1641.205427026,1200.3680432214915,32.36
1641.205627026,1266.508431793244,32.37
1641.205827026,974.7191997242928,32.38
1641.206027026,1300.3105969439605,32.39
1641.2062270259999,1164.8547311456573,32.4
1641.206427026,1082.3799637467043,32.41
1641.206627026,1180.5866820347353,32.42
1641.206827026,1075.2493422109449,32.43
1641.2070270259999,1080.725782072651,32.44
1641.2072270259998,1173.639009521426,32.45
1641.207427026,1135.1356915286917,32.46
1641.207627026,1228.5262607237642,32.47
1641.207827026,1209.0072795188855,32.48
1641.2080270259999,1231.4675867803658,32.49
1641.208227026,1194.5004441554386,32.5
1641.208427026,1241.3124577235385,32.51
1641.208627026,1250.9835436217775,32.52
1641.2088270259999,1129.0181398763061,32.53
1641.2090270259998,1267.0303139672794,32.54
1641.209227026,1127.9460815336315,32.55
1641.209427026,1122.4953848260209,32.56
1641.209627026,1181.923579252215,32.57
1641.2098270259999,1238.7897687424936,32.58
1641.210027026,1162.3357420157176,32.59
1641.210227026,1187.7278085283017,32.6
1641.210427026,1192.173510965957,32.61
1641.2106270259999,1230.8349508910226,32.62
1641.2108270259998,1330.1972566155573,32.63
1641.211027026,1179.4368140918689,32.64
1641.211227026,1237.9076584160193,32.65
1641.211427026,1188.9750877213532,32.66
1641.2116270259999,1292.7332847633686,32.67
1641.211827026,1188.7818106697619,32.68
1641.212027026,1213.8718405766685,32.69
1641.212227026,1154.551983865301,32.7
1641.212427026,1194.769489656281,32.71
1641.2126270259998,1156.1803691564228,32.72
1641.212827026,1153.9897107685047,32.73
1641.213027026,1177.2444577852627,32.74
1641.213227026,1256.4958737463294,32.75
1641.2134270259999,1213.8427390350948,32.76
1641.213627026,1310.0705880817038,32.77
1641.213827026,1145.2643252749401,32.78
1641.214027026,1047.4402612306192,32.79
1641.214227026,1140.7823040015314,32.8
1641.2144270259998,1279.990575672395,32.81
1641.214627026,1244.1206052245323,32.82
1641.214827026,1231.96247160574,32.83
1641.215027026,1259.3560284132209,32.84
1641.2152270259999,1163.8665519456536,32.85
1641.215427026,1141.145251320881,32.86
1641.215627026,1247.4992863778646,32.87
1641.215827026,1392.2249515635049,32.88
1641.216027026,1157.210556496743,32.89
1641.2162270259998,1282.8918828695585,32.9
1641.216427026,1179.9300332330683,32.91
1641.216627026,1145.5281339823964,32.92
1641.216827026,1270.1413163647298,32.93
1641.2170270259999,1152.7979970064678,32.94
1641.217227026,1234.6725475039148,32.95
1641.217427026,1170.6317791860297,32.96
1641.217627026,1438.1228897753842,32.97
1641.217827026,1241.029415542965,32.98
1641.2180270259998,1132.205900893916,32.99
1641.218227026,1385.9040576822638,33.0
1641.218427026,1348.6203733888858,33.01
1641.218627026,1084.8524663206845,33.02
1641.2188270259999,1034.749741774373,33.03
1641.219027026,1139.5135461509983,33.04
1641.219227026,1192.931309341445,33.05
1641.219427026,1284.0722920427572,33.06
1641.219627026,1167.379916682509,33.07
1641.2198270259998,1210.776443367514,33.08
1641.220027026,1129.2783111848887,33.09
1641.220227026,1267.3484830538532,33.1
1641.220427026,1276.4352500537923,33.11
1641.2206270259999,1373.2101334964602,33.12
1641.220827026,1395.4137252458129,33.13
1641.221027026,1353.460151677603,33.14
1641.221227026,1331.07428573459,33.15
1641.221427026,1205.2037070017818,33.16
1641.2216270259999,1293.3602311575758,33.17
1641.221827026,1210.5999709339994,33.18
1641.222027026,1292.03278450536,33.19
1641.222227026,1259.0355150328403,33.2
1641.2224270259999,1173.299589470761,33.21
1641.2226270259998,1362.749293129878,33.22
1641.222827026,1199.7580103107648,33.23
1641.223027026,1372.0328860588697,33.24
1641.223227026,1292.0075811397685,33.25
1641.2234270259999,1200.0138735802045,33.26
1641.223627026,1196.2159058869854,33.27
1641.223827026,1274.3753902917708,33.28
1641.224027026,1251.7161877369942,33.29
1641.2242270259999,1315.9758350227073,33.3
1641.2244270259998,1359.7733450448557,33.31
1641.224627026,1234.7798032919852,33.32
1641.224827026,1296.9822576906115,33.33
1641.225027026,1235.9646856238483,33.34
1641.2252270259999,1167.4232240927645,33.35
1641.225427026,1172.5631876960438,33.36
1641.225627026,1109.132863833303,33.37
1641.225827026,1420.9000754385927,33.38
1641.2260270259999,1199.4588971386495,33.39
1641.2262270259998,1147.3344105651909,33.4
1641.226427026,1231.4687824507744,33.41
1641.226627026,1223.257419203994,33.42
1641.226827026,1158.6045785635015,33.43
1641.2270270259999,1234.0225913753482,33.44
1641.227227026,1472.8955528975537,33.45
1641.227427026,1170.387036604902,33.46
1641.227627026,1286.3063021718588,33.47
1641.2278270259999,1407.7405957698425,33.48
1641.2280270259998,1349.9764265898668,33.49
1641.228227026,1367.9804527898789,33.5
1641.228427026,1141.6102651050383,33.51
1641.228627026,1130.9952802186992,33.52
1641.2288270259999,1143.0607354579147,33.53
1641.229027026,1207.0821783387612,33.54
1641.229227026,1202.8757239057345,33.55
1641.229427026,1252.7395362386103,33.56
1641.229627026,1217.2169904453879,33.57
1641.2298270259998,1336.1371614310735,33.58
1641.230027026,1428.2335025182585,33.59
1641.230227026,1253.4161942312353,33.6
1641.230427026,1368.384722138985,33.61
1641.2306270259999,1453.0991760502404,33.62
1641.230827026,1312.690741547941,33.63
1641.231027026,1298.813301948367,33.64
1641.231227026,1537.6478838511086,33.65
1641.231427026,1320.8034979374756,33.66
1641.2316270259998,1267.6192484176822,33.67
1641.231827026,1136.9349970703113,33.68
1641.232027026,1443.4111164150045,33.69
1641.232227026,1300.9010059226268,33.7
1641.2324270259999,1214.8079649501574,33.71
1641.232627026,1450.5575441337116,33.72
1641.232827026,1375.113321214036,33.73
1641.233027026,1190.298091031633,33.74
1641.233227026,1250.5269109364606,33.75
1641.2334270259998,1277.6581535769426,33.76
1641.233627026,1330.9476349660645,33.77
1641.233827026,1401.6558085585716,33.78
1641.234027026,1244.747031036512,33.79
1641.2342270259999,1341.1349994601383,33.8
1641.234427026,1426.4554073018894,33.81
1641.234627026,1399.4972876378629,33.82
1641.234827026,1285.8354782281322,33.83
1641.235027026,1302.4312855865105,33.84
1641.2352270259998,1365.2718096276717,33.85
1641.235427026,1274.9076587321215,33.86
1641.235627026,1281.9525457169088,33.87
1641.235827026,1373.318051040063,33.88
1641.2360270259999,1467.272508976866,33.89
1641.236227026,1448.1297892211317,33.9
1641.236427026,1244.233110765049,33.91
1641.236627026,1379.1582738931756,33.92
1641.236827026,1209.8625609987664,33.93
1641.2370270259999,1346.9403711428631,33.94
1641.237227026,1445.3000229044944,33.95
1641.237427026,1458.027884675336,33.96
1641.237627026,1187.7202270341188,33.97
1641.2378270259999,1355.3649398186294,33.98
1641.2380270259998,1419.750280948499,33.99
1641.238227026,1409.0713843763106,34.0
1641.238427026,1409.0647255460985,34.01
1641.238627026,1296.4520021447863,34.02
1641.2388270259999,1525.880275922248,34.03
1641.239027026,1283.0903521466323,34.04
1641.239227026,1294.3186809313365,34.05
1641.239427026,1251.9959830937935,34.06
1641.2396270259999,1323.7016523880152,34.07
1641.2398270259998,1306.6278985386034,34.08
1641.240027026,1378.5430749042143,34.09
1641.240227026,1205.7902641767357,34.1
1641.240427026,1263.6687363124636,34.11
1641.2406270259999,1235.6367508248998,34.12
1641.240827026,1324.5340403034859,34.13
1641.241027026,1488.1239714547041,34.14
1641.241227026,1482.2791421751588,34.15
1641.2414270259999,1283.0166353759446,34.16
1641.2416270259998,1222.21070484466,34.17
1641.241827026,1269.671757306962,34.18
1641.242027026,1307.1003317181,34.19
1641.242227026,1275.218938763642,34.2
1641.2424270259999,1401.0682124708028,34.21
1641.242627026,1448.614847540698,34.22
1641.242827026,1347.0986758010708,34.23
1641.243027026,1361.309815806274,34.24
1641.2432270259999,1391.6077974231616,34.25
1641.2434270259998,1280.5731519514043,34.26
1641.243627026,1412.7417838195415,34.27
1641.243827026,1444.6966042501826,34.28
1641.244027026,1415.3775026750086,34.29
1641.2442270259999,1330.9205621570513,34.3
1641.244427026,1421.7407432250143,34.31
1641.244627026,1585.7607209806022,34.32
1641.244827026,1257.0058102297564,34.33
1641.245027026,1491.3810335820517,34.34
1641.2452270259998,1331.4392980215437,34.35
1641.245427026,1391.637297327912,34.36
1641.245627026,1312.5108698756947,34.37
1641.245827026,1482.9875103618688,34.38
1641.2460270259999,1320.210593990896,34.39
1641.246227026,1454.8437444409121,34.4
1641.246427026,1387.0737292513606,34.41
1641.246627026,1401.856681886535,34.42
1641.246827026,1408.1233590193413,34.43
1641.2470270259998,1437.8250512917973,34.44
1641.247227026,1466.1383244304384,34.45
1641.247427026,1506.366200618593,34.46
1641.247627026,1109.7312573406075,34.47
1641.2478270259999,1444.1702897143564,34.48
1641.248027026,1409.7362939178709,34.49
1641.248227026,1259.8740618441673,34.5
1641.248427026,1277.8970571602922,34.51
1641.248627026,1327.8365367051963,34.52
1641.2488270259998,1226.5897478300355,34.53
1641.249027026,1448.7250886453178,34.54
1641.249227026,1344.7630372209253,34.55
1641.249427026,1370.462776426694,34.56
1641.2496270259999,1493.6223797489183,34.57
1641.249827026,1341.4759782589824,34.58
1641.250027026,1270.3520541255396,34.59
1641.250227026,1451.6762035680913,34.6
1641.250427026,1325.3361575849415,34.61
1641.2506270259998,1466.8135204210982,34.62
1641.250827026,1384.1610878124325,34.63
1641.251027026,1341.922251910991,34.64
1641.251227026,1313.154491198725,34.65
1641.2514270259999,1457.1312346403352,34.66
1641.251627026,1237.3503425373276,34.67
1641.251827026,1404.642715386628,34.68
1641.252027026,1434.0568500359198,34.69
1641.252227026,1352.7584006784673,34.7
1641.2524270259999,1352.0794099471523,34.71
1641.252627026,1428.1931700861162,34.72
1641.252827026,1467.8860433222317,34.73
1641.253027026,1381.1268923007826,34.74
1641.2532270259999,1484.7496665765289,34.75
1641.253427026,1327.1164249508317,34.76
1641.253627026,1405.9687230434977,34.77
1641.253827026,1449.8350111796283,34.78
1641.254027026,1474.1655282763586,34.79
1641.2542270259999,1433.089162461889,34.8
1641.254427026,1482.9514409816265,34.81
1641.254627026,1365.1050004348626,34.82
1641.254827026,1327.6815230838283,34.83
1641.2550270259999,1458.9879873933714,34.84
1641.2552270259998,1619.869514236121,34.85
1641.255427026,1359.3607776601834,34.86
1641.255627026,1502.2697363882387,34.87
1641.255827026,1450.422864292364,34.88
1641.2560270259999,1303.017560611773,34.89
1641.256227026,1305.4240499730045,34.9
1641.256427026,1404.241938520082,34.91
1641.256627026,1501.0362401258478,34.92
1641.2568270259999,1373.6667179188623,34.93
1641.2570270259998,1424.6260301675773,34.94
1641.257227026,1382.3370098521577,34.95
1641.257427026,1517.031355280509,34.96
1641.257627026,1566.2472421220643,34.97
1641.2578270259999,1347.576804661992,34.98
1641.258027026,1345.9475354552474,34.99
1641.258227026,1452.6932200108424,35.0
1641.258427026,1427.59897109262,35.01
1641.2586270259999,1459.3168698202912,35.02
1641.2588270259998,1492.4336298559203,35.03
1641.259027026,1495.6638026093988,35.04
1641.259227026,1452.8305629928425,35.05
1641.259427026,1505.7090246920268,35.06
1641.2596270259999,1486.3389112639106,35.07
1641.259827026,1475.9303468930552,35.08
1641.260027026,1539.7969548659644,35.09
1641.260227026,1461.798846718676,35.1
1641.260427026,1404.7615971141959,35.11
1641.2606270259998,1543.6766575522781,35.12
1641.260827026,1506.2111216601754,35.13
1641.261027026,1584.0578196437184,35.14
1641.261227026,1591.0115974710857,35.15
1641.2614270259999,1386.4467377834158,35.16
1641.261627026,1534.0128047430385,35.17
1641.261827026,1445.9298563963994,35.18
1641.262027026,1415.0106682873977,35.19
1641.262227026,1488.5868511418405,35.2
1641.2624270259998,1436.2263169024422,35.21
1641.262627026,1508.1652765648316,35.22
1641.262827026,1516.16069776199,35.23
1641.263027026,1461.9585262113821,35.24
1641.2632270259999,1349.7327011781558,35.25
1641.263427026,1515.212546875467,35.26
1641.263627026,1476.234172140868,35.27
1641.263827026,1378.0208748764042,35.28
1641.264027026,1539.9157764600766,35.29
1641.2642270259998,1481.8006819406821,35.3
1641.264427026,1450.988050590977,35.31
1641.264627026,1410.5179590737987,35.32
1641.264827026,1518.4460339466682,35.33
1641.2650270259999,1363.5473040412442,35.34
1641.265227026,1395.2607617719218,35.35
1641.265427026,1455.6200584601781,35.36
1641.265627026,1372.4732618214791,35.37
1641.265827026,1488.4695474009866,35.38
1641.2660270259998,1481.9475298860361,35.39
1641.266227026,1563.5425230530614,35.4
1641.266427026,1406.5252342235115,35.41
1641.266627026,1425.9893832917587,35.42
1641.2668270259999,1550.555613675488,35.43
1641.267027026,1438.7551814328267,35.44
1641.267227026,1483.2243503351183,35.45
1641.267427026,1534.167839753347,35.46
1641.267627026,1618.0637396911757,35.47
1641.2678270259998,1451.5653016346873,35.48
1641.268027026,1499.9018416358813,35.49
1641.268227026,1535.346471975144,35.5
1641.268427026,1559.0846337012863,35.51
1641.2686270259999,1475.1033054574975,35.52
1641.268827026,1553.1440792225912,35.53
1641.269027026,1401.898635177651,35.54
1641.269227026,1367.8251962554086,35.55
1641.269427026,1427.4801802297588,35.56
1641.2696270259999,1499.3067853305429,35.57
1641.269827026,1497.257164788716,35.58
1641.270027026,1459.2629832176954,35.59
1641.270227026,1534.178933813065,35.6
1641.2704270259999,1428.0869250602104,35.61
1641.2706270259998,1534.348317373709,35.62
1641.270827026,1446.0547449722549,35.63
1641.271027026,1492.3839641061336,35.64
1641.271227026,1415.030777460083,35.65
1641.2714270259999,1555.1405666097864,35.66
1641.271627026,1396.3203668496008,35.67
1641.271827026,1385.7240554337295,35.68
1641.272027026,1521.5344898387686,35.69
1641.2722270259999,1573.4090051674868,35.7
1641.2724270259998,1574.007650163816,35.71
1641.272627026,1534.333737697052,35.72
1641.272827026,1550.9339273602427,35.73
1641.273027026,1502.6918495306877,35.74
1641.2732270259999,1491.8694754702433,35.75
1641.273427026,1519.7312038403584,35.76
1641.273627026,1382.4688195582844,35.77
1641.273827026,1619.8637317846171,35.78
1641.2740270259999,1498.6429876017387,35.79
1641.2742270259998,1481.0055588356076,35.8
1641.274427026,1411.5254253334454,35.81
1641.274627026,1475.4036123240292,35.82
1641.274827026,1489.9407857251776,35.83
1641.2750270259999,1517.8348147712238,35.84
1641.275227026,1416.2591500856847,35.85
1641.275427026,1532.3349641887455,35.86
1641.275627026,1459.5794561696628,35.87
1641.275827026,1504.8076116853454,35.88
1641.2760270259998,1515.9253555085943,35.89
1641.276227026,1577.3604873963245,35.9
1641.276427026,1524.262499381171,35.91
1641.276627026,1469.1329553970645,35.92
1641.2768270259999,1509.191540442123,35.93
1641.277027026,1539.428787732476,35.94
1641.277227026,1570.0629574887023,35.95
1641.277427026,1517.8030996420232,35.96
1641.277627026,1568.8409173529662,35.97
1641.2778270259998,1538.2716717467272,35.98
1641.278027026,1553.1602004944016,35.99
1641.278227026,1553.3772807239511,36.0
1641.278427026,1435.6561628963557,36.01
1641.2786270259999,1618.631639996163,36.02
1641.278827026,1541.625012032603,36.03
1641.279027026,1468.0870124218486,36.04
1641.279227026,1428.1879881816742,36.05
1641.279427026,1682.9857737804655,36.06
1641.2796270259998,1652.805524368242,36.07
1641.279827026,1531.21174628701,36.08
1641.280027026,1548.1118048662445,36.09
1641.280227026,1496.9217394766858,36.1
1641.2804270259999,1581.610777432775,36.11
1641.280627026,1550.0935468181817,36.12
1641.280827026,1571.1624214342107,36.13
1641.281027026,1546.7259902710773,36.14
1641.281227026,1465.9219183993812,36.15
1641.2814270259998,1445.4178556144866,36.16
1641.281627026,1594.4024617531243,36.17
1641.281827026,1485.3803624842205,36.18
1641.282027026,1566.7624183419055,36.19
1641.2822270259999,1657.1655567998223,36.2
1641.282427026,1533.4571543679813,36.21
1641.282627026,1562.3562450915936,36.22
1641.282827026,1672.478285087851,36.23
1641.283027026,1565.5868467462958,36.24
1641.2832270259998,1519.0545800590885,36.25
1641.283427026,1538.9285386772865,36.26
1641.283627026,1664.0844450207248,36.27
1641.283827026,1411.66601311139,36.28
1641.2840270259999,1634.2653923534672,36.29
1641.284227026,1440.6392979952511,36.3
1641.284427026,1644.604543273441,36.31
1641.284627026,1363.859815702494,36.32
1641.284827026,1467.7032384636193,36.33
1641.2850270259999,1543.0532942859907,36.34
1641.285227026,1687.1345464299202,36.35
1641.285427026,1509.7317676123378,36.36
1641.285627026,1546.6867510920792,36.37
1641.2858270259999,1626.4245164821502,36.38
1641.2860270259998,1680.2989442436783,36.39
1641.286227026,1485.1647264788544,36.4
1641.286427026,1691.8378431935803,36.41
1641.286627026,1628.130619729826,36.42
1641.2868270259999,1542.9105790564279,36.43
1641.287027026,1523.6789363965734,36.44
1641.287227026,1473.6515275635202,36.45
1641.287427026,1614.3411558242929,36.46
1641.2876270259999,1658.357709515074,36.47
1641.2878270259998,1620.1082994481767,36.48
1641.288027026,1642.8621798782276,36.49
1641.288227026,1529.0135580518854,36.5
1641.288427026,1529.2913430834521,36.51
1641.2886270259999,1575.6794878652795,36.52
1641.288827026,1570.711062275444,36.53
1641.289027026,1692.57910239159,36.54
1641.289227026,1560.2186267134794,36.55
1641.2894270259999,1480.7722840840797,36.56
1641.2896270259998,1585.6380811637516,36.57
1641.289827026,1769.6842435856315,36.58
1641.290027026,1598.3571155699283,36.59
1641.290227026,1586.3255707108535,36.6
1641.2904270259999,1590.2838474037424,36.61
1641.290627026,1660.3505396774606,36.62
1641.290827026,1652.9923330932268,36.63
1641.291027026,1503.4544269553069,36.64
1641.291227026,1542.8026713837073,36.65
1641.2914270259998,1663.5686984032259,36.66
1641.291627026,1632.7462319787046,36.67
1641.291827026,1546.6968229650831,36.68
1641.292027026,1341.5123758417565,36.69
1641.2922270259999,1556.425437655833,36.7
1641.292427026,1382.1254424400822,36.71
1641.292627026,1581.4993788941683,36.72
1641.292827026,1672.8683044038885,36.73
1641.293027026,1548.8530554293702,36.74
1641.2932270259998,1613.9046877763617,36.75
1641.293427026,1693.0104790589828,36.76
1641.293627026,1544.1103996256418,36.77
1641.293827026,1573.6636684303658,36.78
1641.2940270259999,1733.0116416596818,36.79
1641.294227026,1580.3984781125241,36.8
1641.294427026,1699.8687395521665,36.81
1641.294627026,1468.517299706901,36.82
1641.294827026,1637.1953287493263,36.83
1641.2950270259998,1605.444499982046,36.84
1641.295227026,1658.2282273974852,36.85
1641.295427026,1643.74750542779,36.86
1641.295627026,1613.3902991101972,36.87
1641.2958270259999,1576.7150121498844,36.88
1641.296027026,1671.2000977898113,36.89
1641.296227026,1828.5498169370446,36.9
1641.296427026,1568.052465948615,36.91
1641.296627026,1602.0123780998222,36.92
1641.2968270259998,1553.6640875565954,36.93
1641.297027026,1497.4989032322733,36.94
1641.297227026,1510.209448614772,36.95
1641.297427026,1656.113047814021,36.96
1641.2976270259999,1561.3696312047648,36.97
1641.297827026,1476.188235465023,36.98
1641.298027026,1665.5220967892028,36.99
1641.298227026,1723.1782808113733,37.0
1641.298427026,1567.7497075600845,37.01
1641.2986270259998,1564.4800816715963,37.02
1641.298827026,1488.8010043102354,37.03
1641.299027026,1466.1760307713841,37.04
1641.299227026,1538.0050691370436,37.05
1641.2994270259999,1543.3392557698978,37.06
1641.299627026,1631.561419280346,37.07
1641.299827026,1567.898304158747,37.08
1641.300027026,1708.9707693616795,37.09
1641.300227026,1669.5631377726397,37.1
1641.3004270259999,1725.7921490467695,37.11
1641.300627026,1533.8391861237023,37.12
1641.300827026,1577.2957790174275,37.13
1641.301027026,1516.4069641125488,37.14
1641.3012270259999,1560.0688448633648,37.15
1641.3014270259998,1485.7671480999184,37.16
1641.301627026,1599.5878307932592,37.17
1641.301827026,1687.174313210268,37.18
1641.302027026,1561.0390548118958,37.19
1641.3022270259999,1544.7023278819308,37.2
1641.302427026,1539.3851210496275,37.21
1641.302627026,1666.4685344679356,37.22
1641.302827026,1772.1781986321073,37.23
1641.3030270259999,1703.376867933856,37.24
1641.3032270259998,1633.6268487552543,37.25
1641.303427026,1758.6499448623742,37.26
1641.303627026,1738.021090237009,37.27
1641.303827026,1703.6942001556695,37.28
1641.3040270259999,1645.0780493535678,37.29
1641.304227026,1657.9601649395877,37.3
1641.304427026,1541.9930412567708,37.31
1641.304627026,1809.0384524898363,37.32
1641.3048270259999,1591.0726655335861,37.33
1641.3050270259998,1866.6936654251335,37.34
1641.305227026,1741.832529198562,37.35
1641.305427026,1578.5212112679187,37.36
1641.305627026,1521.181177773741,37.37
1641.3058270259999,1611.9888385022825,37.38
1641.306027026,1614.9519464571658,37.39
1641.306227026,1729.3234787290735,37.4
1641.306427026,1520.8786420773404,37.41
1641.306627026,1643.6145668357178,37.42
1641.3068270259998,1597.018360551153,37.43
1641.307027026,1760.7465828708946,37.44
1641.307227026,1739.5982565551228,37.45
1641.307427026,1673.2958191581265,37.46
1641.3076270259999,1559.579666384517,37.47
1641.307827026,1807.3802789905603,37.48
1641.308027026,1585.4073092876554,37.49
1641.308227026,1603.5991720536888,37.5
1641.308427026,1588.5534017981229,37.51
1641.3086270259998,1741.2615122248376,37.52
1641.308827026,1550.2003814622342,37.53
1641.309027026,1675.0023031193698,37.54
1641.309227026,1707.2216983034025,37.55
1641.3094270259999,1734.479756265488,37.56
1641.309627026,1766.9823890770485,37.57
1641.309827026,1614.6345149293707,37.58
1641.310027026,1736.1490764349096,37.59
1641.310227026,1717.017514408562,37.6
1641.3104270259998,1737.5665346346887,37.61
1641.310627026,1713.273525007068,37.62
1641.310827026,1784.2511741784458,37.63
1641.311027026,1624.4482288426934,37.64
1641.3112270259999,1638.8105335099112,37.65
1641.311427026,1648.5332467531905,37.66
1641.311627026,1633.5646133708742,37.67
1641.311827026,1660.8473036411378,37.68
1641.312027026,1708.8409341889694,37.69
1641.3122270259998,1735.6183272673807,37.7
1641.312427026,1620.021338033489,37.71
1641.312627026,1766.9491727171198,37.72
1641.312827026,1564.0916376081575,37.73
1641.3130270259999,1564.5218374254232,37.74
1641.313227026,1665.809963317915,37.75
1641.313427026,1697.7179479464253,37.76
1641.313627026,1653.3702321785383,37.77
1641.313827026,1652.3126884208534,37.78
1641.3140270259998,1488.7516272003927,37.79
1641.314227026,1609.7461962414413,37.8
1641.314427026,1718.1190993042037,37.81
1641.314627026,1635.6003930369693,37.82
1641.3148270259999,1650.8312291432107,37.83
1641.315027026,1708.5472651703024,37.84
1641.315227026,1767.1685758074696,37.85
1641.315427026,1676.3548437156123,37.86
1641.315627026,1657.8547001805446,37.87
1641.3158270259999,1776.4081172177034,37.88
1641.316027026,1665.880369907231,37.89
1641.316227026,1750.6611190855651,37.9
1641.316427026,1784.1617584351732,37.91
1641.3166270259999,1724.2953015735325,37.92
1641.3168270259998,1736.1523874658933,37.93
1641.317027026,1737.3654011551835,37.94
1641.317227026,1794.7829731410732,37.95
1641.317427026,1690.1320098887472,37.96
1641.3176270259999,1713.8091247287139,37.97
1641.317827026,1863.173890358599,37.98
1641.318027026,1556.6259880222397,37.99
1641.318227026,1636.8959311666968,38.0
1641.3184270259999,1671.9563928551986,38.01
1641.3186270259998,1688.7822663091488,38.02
1641.318827026,1799.8381151982978,38.03
1641.319027026,1800.5531977826267,38.04
1641.319227026,1730.7217832847953,38.05
1641.3194270259999,1696.6573699154492,38.06
1641.319627026,1758.5427604164506,38.07
1641.319827026,1758.6496993240125,38.08
1641.320027026,1647.6260759125073,38.09
1641.3202270259999,1771.5489894491784,38.1
1641.3204270259998,1595.8251004805975,38.11
1641.320627026,1725.653099005494,38.12
1641.320827026,1669.1217924524387,38.13
1641.321027026,1602.6570832127109,38.14
1641.3212270259999,1780.0224841904383,38.15
1641.321427026,1751.9708779383222,38.16
1641.321627026,1749.0698072086675,38.17
1641.321827026,1806.6581842776625,38.18
1641.322027026,1757.3370926434732,38.19
1641.3222270259998,1695.8986877266827,38.2
1641.322427026,1613.6046506352766,38.21
1641.322627026,1801.5331697173206,38.22
1641.322827026,1660.0075937223942,38.23
1641.3230270259999,1802.0131031060032,38.24
1641.323227026,1775.4303843131793,38.25
1641.323427026,1821.5945241535467,38.26
1641.323627026,1979.0804856362456,38.27
1641.323827026,1642.7574938153298,38.28
1641.3240270259998,1665.1181550104075,38.29
1641.324227026,1778.5227550704053,38.3
1641.324427026,1743.9929389844656,38.31
1641.324627026,1762.9252920470146,38.32
1641.3248270259999,1745.0601066454983,38.33
1641.325027026,1644.7590934389182,38.34
1641.325227026,1822.5093704689648,38.35
1641.325427026,1875.6816019979904,38.36
1641.325627026,1655.1373635793716,38.37
1641.3258270259998,1826.08153467946,38.38
1641.326027026,1845.5887777374692,38.39
1641.326227026,1722.7874635220217,38.4
1641.326427026,1810.583363825563,38.41
1641.3266270259999,1835.9086180136587,38.42
1641.326827026,1737.167499033279,38.43
1641.327027026,1722.759038137278,38.44
1641.327227026,1875.5424430234543,38.45
1641.327427026,1736.2095937923116,38.46
1641.3276270259998,1742.7601044127532,38.47
1641.327827026,1913.5278874004784,38.48
1641.328027026,1707.3808506614166,38.49
1641.328227026,1764.7357335815402,38.5
1641.3284270259999,1871.6538594889291,38.51
1641.328627026,1895.4437284378243,38.52
1641.328827026,1626.051539597352,38.53
1641.329027026,1668.6683794410005,38.54
1641.329227026,1653.2993047169743,38.55
1641.3294270259998,1788.2617187101237,38.56
1641.329627026,1816.4879770746286,38.57
1641.329827026,1889.9830660917166,38.58
1641.330027026,1710.235937378254,38.59
1641.3302270259999,1721.4970732994975,38.6
1641.330427026,1819.6952657950942,38.61
1641.330627026,1814.7815771428009,38.62
1641.330827026,1740.8283340767111,38.63
1641.331027026,1919.7473491077612,38.64
1641.3312270259999,1650.986458718376,38.65
1641.331427026,1814.0089232540904,38.66
1641.331627026,1701.9409787809507,38.67
1641.331827026,1724.7580541990242,38.68
1641.3320270259999,1798.624859114972,38.69
1641.3322270259998,1800.3764476458211,38.7
1641.332427026,1707.213467129911,38.71
1641.332627026,1730.0253270958358,38.72
1641.332827026,1684.6166810816383,38.73
1641.3330270259999,1752.8363219709352,38.74
1641.333227026,1860.3770917359557,38.75
1641.333427026,1738.3169220808388,38.76
1641.333627026,1690.2979839973323,38.77
1641.3338270259999,1716.058809879157,38.78
1641.3340270259998,1809.799509704853,38.79
1641.334227026,1788.985616985424,38.8
1641.334427026,1771.9271859203448,38.81
1641.334627026,1723.8590080092936,38.82
1641.3348270259999,1617.30566200246,38.83
1641.335027026,1841.183184237186,38.84
1641.335227026,1696.3788132576415,38.85
1641.335427026,1769.3663507513056,38.86
1641.3356270259999,1884.7691956955894,38.87
1641.3358270259998,1808.9434937998974,38.88
1641.336027026,1851.821460102395,38.89
1641.336227026,1710.2985903905942,38.9
1641.336427026,1888.4247488983572,38.91
1641.3366270259999,1730.2108844389757,38.92
1641.336827026,1923.5020029863126,38.93
1641.337027026,1720.2128053040822,38.94
1641.337227026,1720.1500250306349,38.95
1641.337427026,1721.6219308548984,38.96
1641.3376270259998,1813.8810662223666,38.97
1641.337827026,1949.6309494904556,38.98
1641.338027026,1800.263184936952,38.99
1641.338227026,1921.0230340515434,39.0
1641.3384270259999,1854.064567503212,39.01
1641.338627026,1769.5545259128596,39.02
1641.338827026,1798.0013916480402,39.03
1641.339027026,1765.3813960452078,39.04
1641.339227026,1954.3501338935537,39.05
1641.3394270259998,1853.0575643987954,39.06
1641.339627026,1845.9771989553838,39.07
1641.339827026,1974.036557232251,39.08
1641.340027026,1787.050187140168,39.09
1641.3402270259999,1839.5552047867309,39.1
1641.340427026,1839.5989728633215,39.11
1641.340627026,1782.2358801409755,39.12
1641.340827026,1701.405519072847,39.13
1641.341027026,1824.9418825739945,39.14
1641.3412270259998,1841.1173988913483,39.15
1641.341427026,1792.1460043211864,39.16
1641.341627026,1919.59087423796,39.17
1641.341827026,1688.357448159098,39.18
1641.3420270259999,1872.0473600617988,39.19
1641.342227026,1844.1666220847235,39.2
1641.342427026,1792.5271024242345,39.21
1641.342627026,1802.199424798308,39.22
1641.342827026,1766.4494497059102,39.23
1641.3430270259998,1792.5714104894778,39.24
1641.343227026,1873.7031824182432,39.25
1641.343427026,1936.109077376115,39.26
1641.343627026,1860.6799368419554,39.27
1641.3438270259999,1708.8420860158992,39.28
1641.344027026,1807.440998160648,39.29
1641.344227026,1816.00279745042,39.3
1641.344427026,1743.7807059131194,39.31
1641.344627026,1836.0873955390866,39.32
1641.3448270259998,1804.9483201427809,39.33
1641.345027026,1918.1432167458613,39.34
1641.345227026,1847.525772036998,39.35
1641.345427026,1808.86504955446,39.36
1641.3456270259999,1821.5047717813918,39.37
1641.345827026,1774.694787047,39.38
1641.346027026,1876.3720532826212,39.39
1641.346227026,1907.721957081436,39.4
1641.346427026,1938.04224753191,39.41
1641.3466270259999,1851.5483664502074,39.42
1641.346827026,1747.5300487212098,39.43
1641.347027026,1857.0901658493965,39.44
1641.347227026,1866.08040363137,39.45
1641.3474270259999,1916.7563442237495,39.46
1641.3476270259998,1927.278886366845,39.47
1641.347827026,1841.0504034843757,39.48
1641.348027026,1893.6354603572563,39.49
1641.348227026,1766.3342553384834,39.5
1641.3484270259999,1803.9926058369444,39.51
1641.348627026,1899.808566302384,39.52
1641.348827026,1900.577254135693,39.53
1641.349027026,1809.467542829342,39.54
1641.3492270259999,1916.9667009528737,39.55
1641.3494270259998,1941.7230790875612,39.56
1641.349627026,1984.745016857313,39.57
1641.349827026,1993.514596549787,39.58
1641.350027026,1877.8034865858392,39.59
1641.3502270259999,1795.8003403941286,39.6
1641.350427026,2006.9356882440843,39.61
1641.350627026,1906.1245016448856,39.62
1641.350827026,1918.7383562018308,39.63
1641.3510270259999,1908.19096225984,39.64
1641.3512270259998,1807.9335949292727,39.65
1641.351427026,1972.4984835088596,39.66
1641.351627026,1817.1191727710136,39.67
1641.351827026,1788.0910808657648,39.68
1641.3520270259999,1854.7904723674158,39.69
1641.352227026,1891.7575625912,39.7
1641.352427026,1813.9158064033236,39.71
1641.352627026,1706.0242962189957,39.72
1641.3528270259999,1815.8864658341051,39.73
1641.3530270259998,2025.7158456305042,39.74
1641.353227026,1758.2872753094346,39.75
1641.353427026,1758.4359521906263,39.76
1641.353627026,1879.7377359071209,39.77
1641.3538270259999,1880.1518225184286,39.78
1641.354027026,1890.1281303055998,39.79
1641.354227026,1844.779005415127,39.8
1641.354427026,1758.7773692413873,39.81
1641.354627026,1815.183187584459,39.82
1641.3548270259998,1671.3444689886794,39.83
1641.355027026,1929.325483964436,39.84
1641.355227026,1977.3110453178017,39.85
1641.355427026,1810.731254051303,39.86
1641.3556270259999,1750.8768877042028,39.87
1641.355827026,1903.2906276928854,39.88
1641.356027026,1998.3764473134556,39.89
1641.356227026,1854.9487282943644,39.9
1641.356427026,1869.2381843139435,39.91
1641.3566270259998,1756.3700111943008,39.92
1641.356827026,1866.1689634067848,39.93
1641.357027026,1841.868995353175,39.94
1641.357227026,1849.7383631386197,39.95
1641.3574270259999,1796.1378192835364,39.96
1641.357627026,1883.4899649208392,39.97
1641.357827026,1960.1463138246784,39.98
1641.358027026,1908.1621771395435,39.99
1641.358227026,1837.67241641204,40.0
1641.3584270259998,1924.1235054735348,40.01
1641.358627026,1956.5285564126111,40.02
1641.358827026,1945.72685795636,40.03
1641.359027026,1917.493713765926,40.04
1641.3592270259999,1770.9317784500915,40.05
1641.359427026,1964.1807137422727,40.06
1641.359627026,1906.503544561779,40.07
1641.359827026,1826.6634854994447,40.08
1641.360027026,1763.9086977791585,40.09
1641.3602270259998,1906.1551302472567,40.1
1641.360427026,1900.0552945443578,40.11
1641.360627026,1919.3873850758632,40.12
1641.360827026,1879.0420174884669,40.13
1641.3610270259999,1848.5460221858905,40.14
1641.361227026,1835.4973596522404,40.15
1641.361427026,1894.8074197263531,40.16
1641.361627026,1897.7330062989377,40.17
1641.361827026,1958.1511561324724,40.18
1641.3620270259999,1868.0745574417085,40.19
1641.362227026,1962.2858534207223,40.2
1641.362427026,1937.7068080364754,40.21
1641.362627026,1784.2363665123464,40.22
1641.3628270259999,1959.2897682416396,40.23
1641.3630270259998,1995.341507701171,40.24
1641.363227026,1936.9306869882419,40.25
1641.363427026,1972.013611423733,40.26
1641.363627026,1837.6672362892243,40.27
1641.3638270259999,1831.1218696201745,40.28
1641.364027026,1798.1266902317934,40.29
1641.364227026,1827.1394984717801,40.3
1641.364427026,1981.9069140015263,40.31
1641.3646270259999,1829.7185319355003,40.32
1641.3648270259998,2019.8988083491736,40.33
1641.365027026,2068.1710384546004,40.34
1641.365227026,1945.0663998256043,40.35
1641.365427026,2047.952414610961,40.36
1641.3656270259999,1807.5346575609774,40.37
1641.365827026,1928.5707219189783,40.38
1641.366027026,1881.0870198163836,40.39
1641.366227026,1855.5577248393392,40.4
1641.3664270259999,1875.0142206462922,40.41
1641.3666270259998,2033.2278729818831,40.42
1641.366827026,1920.1195406616391,40.43
1641.367027026,2117.6595602031202,40.44
1641.367227026,2025.051134598801,40.45
1641.3674270259999,1930.4400016525194,40.46
1641.367627026,1906.5849437377453,40.47
1641.367827026,1957.3748474797012,40.48
1641.368027026,2015.6349671675764,40.49
1641.3682270259999,2133.4390769741553,40.5
1641.3684270259998,1871.2079092578686,40.51
1641.368627026,1862.1397942388912,40.52
1641.368827026,1769.126071627769,40.53
1641.369027026,1806.9678918890158,40.54
1641.3692270259999,2152.8980460873804,40.55
1641.369427026,2005.331329310228,40.56
1641.369627026,1955.0650679250452,40.57
1641.369827026,1971.3943645961451,40.58
1641.370027026,2020.1658233653,40.59
1641.3702270259998,1932.8872490919157,40.6
1641.370427026,1948.3628101590546,40.61
1641.370627026,1848.0109454967703,40.62
1641.370827026,1887.1973811985781,40.63
1641.3710270259999,2096.549198616876,40.64
1641.371227026,1908.5637392448068,40.65
1641.371427026,1994.8514155979317,40.66
1641.371627026,2020.603569104177,40.67
1641.371827026,2091.51080599225,40.68
1641.3720270259998,1823.1190451471568,40.69
1641.372227026,1868.082181336768,40.7
1641.372427026,1961.0753063401785,40.71
1641.372627026,2103.468358397684,40.72
1641.3728270259999,1888.5695916699815,40.73
1641.373027026,2057.8986835231444,40.74
1641.373227026,1958.344466889753,40.75
1641.373427026,1947.8035866194775,40.76
1641.373627026,1962.2854826995701,40.77
1641.3738270259998,2027.212747349973,40.78
1641.374027026,1940.055533552073,40.79
1641.374227026,2071.095984183151,40.8
1641.374427026,1998.4087159106707,40.81
1641.3746270259999,2092.1494465018436,40.82
1641.374827026,1970.5613995782342,40.83
1641.375027026,1925.6745121658778,40.84
1641.375227026,2107.1513979011906,40.85
1641.375427026,1919.161232303857,40.86
1641.3756270259998,2013.6891199934666,40.87
1641.375827026,1892.3994795641654,40.88
1641.376027026,1908.8117477255505,40.89
1641.376227026,2003.9529644597815,40.9
1641.3764270259999,2002.389844324561,40.91
1641.376627026,1974.8316784839521,40.92
1641.376827026,1992.1519883124827,40.93
1641.377027026,1958.2239208650676,40.94
1641.377227026,2006.038578679341,40.95
1641.3774270259999,1989.6159489526024,40.96
1641.377627026,1931.0444960475277,40.97
1641.377827026,2074.6197923647233,40.98
1641.378027026,1878.989504538982,40.99
1641.3782270259999,2172.9546301942237,41.0
1641.378427026,1882.8402876489845,41.01
1641.378627026,2048.745617485738,41.02
1641.378827026,2104.3390626160913,41.03
1641.379027026,2050.6598810598507,41.04
1641.3792270259999,2050.922693995245,41.05
1641.379427026,2039.2663812495566,41.06
1641.379627026,1853.7663982155348,41.07
1641.379827026,1921.528248467227,41.08
1641.3800270259999,2106.2618930300196,41.09
1641.3802270259998,2045.8681099011203,41.1
1641.380427026,1988.5595004884597,41.11
1641.380627026,2009.0989479308814,41.12
1641.380827026,1966.184694870612,41.13
1641.3810270259999,2049.2724662978358,41.14
1641.381227026,2142.0354155356636,41.15
1641.381427026,1897.376637755025,41.16
1641.381627026,2033.1669134732222,41.17
1641.3818270259999,2055.525834539174,41.18
1641.3820270259998,1884.3613681331617,41.19
1641.382227026,2041.3902708191424,41.2
1641.382427026,2117.9662431051847,41.21
1641.382627026,1903.5571030063268,41.22
1641.3828270259999,1967.9918354047,41.23
1641.383027026,1917.7677854574233,41.24
1641.383227026,1935.2540117691817,41.25
1641.383427026,2127.4827943008136,41.26
1641.3836270259999,2096.8326127210394,41.27
1641.3838270259998,2094.2982798211438,41.28
1641.384027026,2236.246389582013,41.29
1641.384227026,2026.5428801755797,41.3
1641.384427026,2113.0160473741767,41.31
1641.3846270259999,1938.0391834453096,41.32
1641.384827026,1939.5898567188804,41.33
1641.385027026,1969.2796816064456,41.34
1641.385227026,2121.150939729087,41.35
1641.385427026,2087.685334479555,41.36
1641.3856270259998,2033.4811399199627,41.37
1641.385827026,2041.9953709971448,41.38
1641.386027026,2076.175347447352,41.39
1641.386227026,2039.1192568673448,41.4
1641.3864270259999,2017.2062311365946,41.41
1641.386627026,2117.5047154744907,41.42
1641.386827026,1906.745283369127,41.43
1641.387027026,1927.7937872368043,41.44
1641.387227026,2133.8753038968443,41.45
1641.3874270259998,2010.699757319144,41.46
1641.387627026,2053.190256210017,41.47
1641.387827026,2064.236506682031,41.48
1641.388027026,2003.071239909227,41.49
1641.3882270259999,2122.9970963467695,41.5
1641.388427026,2109.831068644773,41.51
1641.388627026,1959.838780025031,41.52
1641.388827026,2049.3159139666486,41.53
1641.389027026,1998.4035537041052,41.54
1641.3892270259998,2008.9155021255142,41.55
1641.389427026,1969.6388171878084,41.56
1641.389627026,1961.0014188341604,41.57
1641.389827026,2113.859821018854,41.58
1641.3900270259999,1938.0251517924137,41.59
1641.390227026,2083.4764472095485,41.6
1641.390427026,2085.2271239078764,41.61
1641.390627026,1945.9271565198242,41.62
1641.390827026,2143.818111578674,41.63
1641.3910270259998,1990.2736375464124,41.64
1641.391227026,2027.259965090062,41.65
1641.391427026,2033.800613336833,41.66
1641.391627026,2047.2492612885849,41.67
1641.3918270259999,2109.9840501980293,41.68
1641.392027026,2020.2746965795673,41.69
1641.392227026,2119.4438777911296,41.7
1641.392427026,2080.386299547919,41.71
1641.392627026,2040.9681628373585,41.72
1641.3928270259998,1987.902364829963,41.73
1641.393027026,2158.6744883199626,41.74
1641.393227026,2157.3726172956913,41.75
1641.393427026,2172.4682546262843,41.76
1641.3936270259999,2076.7785308858274,41.77
1641.393827026,2165.068815081668,41.78
1641.394027026,2065.338821966464,41.79
1641.394227026,2102.776293154464,41.8
1641.394427026,2309.3453129058753,41.81
1641.3946270259999,2117.2048615104277,41.82
1641.394827026,2026.4377960341058,41.83
1641.395027026,2031.4066399675671,41.84
1641.395227026,2197.9675042895938,41.85
1641.3954270259999,2001.1421062809197,41.86
1641.3956270259998,2043.8663750116991,41.87
1641.395827026,1947.8549119627917,41.88
1641.396027026,1974.3839027778686,41.89
1641.396227026,1990.2677008143137,41.9
1641.3964270259999,2076.963436613867,41.91
1641.396627026,2148.9201856543655,41.92
1641.396827026,2091.399589966603,41.93
1641.397027026,2011.8493629963912,41.94
1641.3972270259999,2248.901310235732,41.95
1641.3974270259998,2154.425513862144,41.96
1641.397627026,2039.5706050271965,41.97
1641.397827026,2108.3133492423553,41.98
1641.398027026,1964.9168847560022,41.99
1641.3982270259999,2124.0626719674747,42.0
1641.398427026,2182.656108162144,42.01
1641.398627026,2100.794489334858,42.02
1641.398827026,2020.7261368094057,42.03
1641.3990270259999,1940.8575626270372,42.04
1641.3992270259998,2174.490270284773,42.05
1641.399427026,2075.1860633474807,42.06
1641.399627026,2067.178892699394,42.07
1641.399827026,2013.3024286310601,42.08
1641.4000270259999,2252.2856159345974,42.09
1641.400227026,2080.714926417238,42.1
1641.400427026,2059.6460631867267,42.11
1641.400627026,2155.7801613315964,42.12
1641.400827026,2131.5374734027855,42.13
1641.4010270259998,1895.765675804658,42.14
1641.401227026,2148.6916039468188,42.15
1641.401427026,2097.837219096392,42.16
1641.401627026,2057.5836230419923,42.17
1641.4018270259999,2133.2891043312097,42.18
1641.402027026,2012.4939238862187,42.19
1641.402227026,2048.1754623200695,42.2
1641.402427026,2199.562215165812,42.21
1641.402627026,2170.9710537469814,42.22
1641.4028270259998,2104.723077416129,42.23
1641.403027026,2065.694225755847,42.24
1641.403227026,2132.9060237538733,42.25
1641.403427026,2220.5275726638843,42.26
1641.4036270259999,2124.0070353876235,42.27
1641.403827026,2171.594843565536,42.28
1641.404027026,2036.6459777450318,42.29
1641.404227026,2091.1999907271793,42.3
1641.404427026,2065.33803330896,42.31
1641.4046270259998,2065.9996499124177,42.32
1641.404827026,1940.3385536724543,42.33
1641.405027026,2084.0609154796757,42.34
1641.405227026,1994.8864087967188,42.35
1641.4054270259999,2077.059876337396,42.36
1641.405627026,1995.0645514787295,42.37
1641.405827026,2081.8697974591755,42.38
1641.406027026,2186.8829503955476,42.39
1641.406227026,2097.827868520267,42.4
1641.4064270259998,2163.875180430895,42.41
1641.406627026,2229.622337600877,42.42
1641.406827026,2138.403361792118,42.43
1641.407027026,2090.875853749542,42.44
1641.4072270259999,2187.8360664766965,42.45
1641.407427026,2086.00827577922,42.46
1641.407627026,2181.32323055928,42.47
1641.407827026,2193.199315057557,42.48
1641.408027026,2247.1813818930295,42.49
1641.4082270259998,2208.223640418588,42.5
1641.408427026,2093.647265895677,42.51
1641.408627026,2044.802975773238,42.52
1641.408827026,2186.3500896830365,42.53
1641.4090270259999,2150.759629525811,42.54
1641.409227026,2158.6800263062537,42.55
1641.409427026,2070.301006398192,42.56
1641.409627026,2083.357160459368,42.57
1641.409827026,2059.5512088078226,42.58
1641.4100270259999,2209.5145495469183,42.59
1641.410227026,2097.326816895241,42.6
1641.410427026,2142.8422294114207,42.61
1641.410627026,2192.7887810230886,42.62
1641.4108270259999,2070.8866480585357,42.63
1641.4110270259998,2125.0655913380037,42.64
1641.411227026,2181.8166628684653,42.65
1641.411427026,2266.7469873407676,42.66
1641.411627026,2116.3449080833125,42.67
1641.4118270259999,2128.3424414881893,42.68
1641.412027026,2178.4306683409486,42.69
1641.412227026,2189.0299119348656,42.7
1641.412427026,2182.2985990679704,42.71
1641.4126270259999,2198.2095063803654,42.72
1641.4128270259998,2199.737954217914,42.73
1641.413027026,2263.442291565484,42.74
1641.413227026,2240.111421753178,42.75
1641.413427026,1998.359874331254,42.76
1641.4136270259999,2130.05793784206,42.77
1641.413827026,2134.6227906858867,42.78
1641.414027026,2316.546028594959,42.79
1641.414227026,2173.5714201400624,42.8
1641.4144270259999,2144.6993148734637,42.81
1641.4146270259998,2232.064374781972,42.82
1641.414827026,2290.3639562282046,42.83
1641.415027026,2152.217435729736,42.84
1641.415227026,2207.410258352714,42.85
1641.4154270259999,2112.4820483332005,42.86
1641.415627026,2219.445250678966,42.87
1641.415827026,2191.2305592363577,42.88
1641.416027026,2210.049992758134,42.89
1641.416227026,2067.723548543836,42.9
1641.4164270259998,2091.757374153378,42.91
1641.416627026,2203.2476475849753,42.92
1641.416827026,2147.6469170310324,42.93
1641.417027026,2193.1260327919877,42.94
1641.4172270259999,1995.1883726900421,42.95
1641.417427026,2058.170747641429,42.96
1641.417627026,2194.1020721432533,42.97
1641.417827026,2125.018621559597,42.98
1641.418027026,2271.973779882985,42.99
1641.4182270259998,2135.6170101419557,43.0
1641.418427026,2227.6693144552023,43.01
1641.418627026,2177.9754964669264,43.02
1641.418827026,2242.164714112364,43.03
1641.4190270259999,2222.8486005522263,43.04
1641.419227026,2146.2016818874768,43.05
1641.419427026,2040.7520537109076,43.06
1641.419627026,2037.2080144987021,43.07
1641.419827026,2194.029498755932,43.08
1641.4200270259998,2106.2190770199536,43.09
1641.420227026,2109.315015566612,43.1
1641.420427026,2189.280728051845,43.11
1641.420627026,2124.638482921009,43.12
1641.4208270259999,2244.6928809760175,43.13
1641.421027026,2107.9793506625765,43.14
1641.421227026,2205.8382062793103,43.15
1641.421427026,2276.583267271084,43.16
1641.421627026,2093.6085465508368,43.17
1641.4218270259998,2259.265141779075,43.18
1641.422027026,2209.065974089119,43.19
1641.422227026,2207.715080368418,43.2
1641.422427026,2141.5986422817637,43.21
1641.4226270259999,2124.158854224665,43.22
1641.422827026,2215.463168302914,43.23
1641.423027026,2314.7912822964663,43.24
1641.423227026,2019.4349855148598,43.25
1641.423427026,2145.9385387386105,43.26
1641.4236270259998,2180.709702732042,43.27
1641.423827026,2312.644643502406,43.28
1641.424027026,2284.070856674607,43.29
1641.424227026,2143.9229153611236,43.3
1641.4244270259999,2189.9914973481514,43.31
1641.424627026,2294.8172154099325,43.32
1641.424827026,2252.0495888617984,43.33
1641.425027026,2261.435536685673,43.34
1641.425227026,2110.163553020805,43.35
1641.4254270259999,2144.840035630541,43.36
1641.425627026,2300.665604132096,43.37
1641.425827026,2279.3672960626345,43.38
1641.426027026,2084.4365227383205,43.39
1641.4262270259999,2180.4021205195995,43.4
1641.4264270259998,2248.090909072948,43.41
1641.426627026,2224.950253383336,43.42
1641.426827026,2303.1911703037035,43.43
1641.427027026,2304.81502723847,43.44
1641.4272270259999,2246.1119085290206,43.45
1641.427427026,2188.6655025865034,43.46
1641.427627026,2101.501282522928,43.47
1641.427827026,2152.835682704455,43.48
1641.4280270259999,2145.290531630966,43.49
1641.4282270259998,2267.4470204528734,43.5
1641.428427026,2307.5801409231526,43.51
1641.428627026,2170.2692723662326,43.52
1641.428827026,2321.1525570184,43.53
1641.4290270259999,2239.438353051855,43.54
1641.429227026,2282.871497620075,43.55
1641.429427026,2304.0244210382634,43.56
1641.429627026,2298.226782506919,43.57
1641.4298270259999,2250.9627638327775,43.58
1641.4300270259998,2249.021251981899,43.59
1641.430227026,2056.203801766997,43.6
1641.430427026,2171.444655648053,43.61
1641.430627026,2133.8414862483205,43.62
1641.4308270259999,2324.5111303263775,43.63
1641.431027026,2249.0668734400497,43.64
1641.431227026,2132.951336536767,43.65
1641.431427026,2289.739111239037,43.66
1641.431627026,2227.3230209501007,43.67
1641.4318270259998,2343.5619565123216,43.68
1641.432027026,2207.801066781885,43.69
1641.432227026,2330.4276214419574,43.7
1641.432427026,2149.6159544735665,43.71
1641.4326270259999,2336.4694246842614,43.72
1641.432827026,2091.2410254786446,43.73
1641.433027026,2191.6618102240473,43.74
1641.433227026,2284.5724319707683,43.75
1641.433427026,2311.5312133599764,43.76
1641.4336270259998,2224.29338269715,43.77
1641.433827026,2290.4155433079995,43.78
1641.434027026,2240.2854518188533,43.79
1641.434227026,2222.381439914516,43.8
1641.4344270259999,2400.083313717784,43.81
1641.434627026,2188.54327454804,43.82
1641.434827026,2255.4525041821385,43.83
1641.435027026,2174.835828201819,43.84
1641.435227026,2299.615163363641,43.85
1641.4354270259998,2364.028709608287,43.86
1641.435627026,2268.420579949661,43.87
1641.435827026,2357.8941717228095,43.88
1641.436027026,2381.5687011870546,43.89
1641.4362270259999,2436.2055804729416,43.9
1641.436427026,2156.7243421695744,43.91
1641.436627026,2035.628160417182,43.92
1641.436827026,2370.694174227612,43.93
1641.437027026,2271.8561162564,43.94
1641.4372270259998,2220.604273003239,43.95
1641.437427026,2225.9017385958005,43.96
1641.437627026,2202.3173485076372,43.97
1641.437827026,2297.5968466615236,43.98
1641.4380270259999,2288.552611131005,43.99
1641.438227026,2222.4408868887003,44.0
1641.438427026,2284.9681527611083,44.01
1641.438627026,2135.4713375270458,44.02
1641.438827026,2306.546444376778,44.03
1641.4390270259998,2416.645224574921,44.04
1641.439227026,2270.4507367148512,44.05
1641.439427026,2203.240798479426,44.06
1641.439627026,2289.5887228143574,44.07
1641.4398270259999,2213.0002749805717,44.08
1641.440027026,2164.3706216430805,44.09
1641.440227026,2190.9216911549593,44.1
1641.440427026,2296.116697051385,44.11
1641.440627026,2347.3597868256934,44.12
1641.4408270259999,2340.881338962741,44.13
1641.441027026,2223.9703919070266,44.14
1641.441227026,2388.0894177203486,44.15
1641.441427026,2383.9137571260267,44.16
1641.4416270259999,2226.399100516301,44.17
1641.4418270259998,2365.9633202420214,44.18
1641.442027026,2147.238226024501,44.19
1641.442227026,2219.493335517564,44.2
1641.442427026,2322.9690300777334,44.21
1641.4426270259999,2319.5132393278454,44.22
1641.442827026,2307.613347215892,44.23
1641.443027026,2308.5827668016136,44.24
1641.443227026,2270.269037446568,44.25
1641.4434270259999,2274.5458900751114,44.26
1641.4436270259998,2343.648808327464,44.27
1641.443827026,2322.0384486638213,44.28
1641.444027026,2398.4735360004993,44.29
1641.444227026,2402.1921435273885,44.3
1641.4444270259999,2364.7470066454252,44.31
1641.444627026,2347.033205753981,44.32
1641.444827026,2504.7415707588225,44.33
1641.445027026,2318.5816424315403,44.34
1641.4452270259999,2410.0547501222463,44.35
1641.4454270259998,2197.789815777472,44.36
1641.445627026,2326.2054752275258,44.37
1641.445827026,2401.191670196604,44.38
1641.446027026,2358.5282931769007,44.39
1641.4462270259999,2271.801424705124,44.4
1641.446427026,2247.2766055065267,44.41
1641.446627026,2380.0073663653743,44.42
1641.446827026,2375.3918590732987,44.43
1641.447027026,2178.5070923492312,44.44
1641.4472270259998,2338.966491207457,44.45
1641.447427026,2228.430934668949,44.46
1641.447627026,2356.1759932791247,44.47
1641.447827026,2467.9941534715585,44.48
1641.4480270259999,2330.039901024253,44.49
1641.448227026,2361.173748559011,44.5
1641.448427026,2378.6829667112693,44.51
1641.448627026,2259.272059997073,44.52
1641.448827026,2413.6010855943496,44.53
1641.4490270259998,2394.456630215407,44.54
1641.449227026,2378.991613376718,44.55
1641.449427026,2334.621751186813,44.56
1641.449627026,2312.8743681852793,44.57
1641.4498270259999,2313.821403394683,44.58
1641.450027026,2317.684428476068,44.59
1641.450227026,2251.020034062731,44.6
1641.450427026,2252.6060112092205,44.61
1641.450627026,2357.09541655126,44.62
1641.4508270259998,2322.7418231225774,44.63
1641.451027026,2370.569317251637,44.64
1641.451227026,2181.437366165856,44.65
1641.451427026,2418.541275306554,44.66
1641.4516270259999,2355.909420520949,44.67
1641.451827026,2339.9270724215385,44.68
1641.452027026,2253.5370122620566,44.69
1641.452227026,2319.4827172097985,44.7
1641.452427026,2474.284522318004,44.71
1641.4526270259998,2363.819378978182,44.72
1641.452827026,2328.922750792469,44.73
1641.453027026,2422.8640103432012,44.74
1641.453227026,2363.2971427542707,44.75
1641.4534270259999,2272.469575589723,44.76
1641.453627026,2229.2588470371875,44.77
1641.453827026,2410.7733620289664,44.78
1641.454027026,2338.668356890713,44.79
1641.454227026,2313.2173202987437,44.8
1641.4544270259998,2399.185081779617,44.81
1641.454627026,2437.9779313139347,44.82
1641.454827026,2432.6594060618345,44.83
1641.455027026,2384.933465953851,44.84
1641.4552270259999,2230.8365963325205,44.85
1641.455427026,2287.1948858828014,44.86
1641.455627026,2306.385949663313,44.87
1641.455827026,2437.2912017049653,44.88
1641.456027026,2462.474859825788,44.89
1641.4562270259999,2410.196953045306,44.9
1641.456427026,2507.721158775779,44.91
1641.456627026,2377.1601012040655,44.92
1641.456827026,2321.7952037146365,44.93
1641.4570270259999,2282.040505057511,44.94
1641.4572270259998,2418.936122897758,44.95
1641.457427026,2447.320074592529,44.96
1641.457627026,2189.094364699743,44.97
1641.457827026,2368.1120240157925,44.98
1641.4580270259999,2329.4755948362927,44.99
1641.458227026,2343.0579809967403,45.0
1641.458427026,2404.5938160679552,45.01
1641.458627026,2308.8775644730345,45.02
1641.4588270259999,2274.66252818924,45.03
1641.4590270259998,2297.7674330593027,45.04
1641.459227026,2279.2078523149853,45.05
1641.459427026,2227.4743515901373,45.06
1641.459627026,2527.2130206568963,45.07
1641.4598270259999,2442.686255275279,45.08
1641.460027026,2339.349247351266,45.09
1641.460227026,2376.946882784393,45.1
1641.460427026,2404.8509983578892,45.11
1641.4606270259999,2364.658777198551,45.12
1641.4608270259998,2279.193479175718,45.13
1641.461027026,2561.27929327343,45.14
1641.461227026,2334.7367053179496,45.15
1641.461427026,2464.2089197394203,45.16
1641.4616270259999,2264.5944707414233,45.17
1641.461827026,2495.0014122650105,45.18
1641.462027026,2385.6230435667267,45.19
1641.462227026,2268.077817976182,45.2
1641.462427026,2351.3023025573452,45.21
1641.4626270259998,2558.994378876469,45.22
1641.462827026,2497.372223624031,45.23
1641.463027026,2415.2737620952084,45.24
1641.463227026,2368.1986134461513,45.25
1641.4634270259999,2402.9514802396197,45.26
1641.463627026,2540.980533275611,45.27
1641.463827026,2463.5180134096863,45.28
1641.464027026,2415.0599655599417,45.29
1641.464227026,2370.2980621916026,45.3
1641.4644270259998,2225.2381469473967,45.31
1641.464627026,2296.0609222295047,45.32
1641.464827026,2401.2865272878316,45.33
1641.465027026,2412.5218383577117,45.34
1641.4652270259999,2438.1073850687285,45.35
1641.465427026,2482.404338964573,45.36
1641.465627026,2282.391783850233,45.37
1641.465827026,2541.748576385978,45.38
1641.466027026,2242.712835720794,45.39
1641.4662270259998,2418.842729214075,45.4
1641.466427026,2392.1002890574405,45.41
1641.466627026,2540.808067156128,45.42
1641.466827026,2535.3371246528764,45.43
1641.4670270259999,2366.5296596787975,45.44
1641.467227026,2313.157881649103,45.45
1641.467427026,2405.399551321238,45.46
1641.467627026,2425.9486669357507,45.47
1641.467827026,2405.8149566067,45.48
1641.4680270259998,2363.9597899439677,45.49
1641.468227026,2411.581740624746,45.5
1641.468427026,2446.2160645973236,45.51
1641.468627026,2440.5091762947386,45.52
1641.4688270259999,2318.56493360321,45.53
1641.469027026,2368.7817116311508,45.54
1641.469227026,2535.546491675009,45.55
1641.469427026,2456.604707005668,45.56
1641.469627026,2699.5670892859785,45.57
1641.4698270259998,2567.8672103022373,45.58
1641.470027026,2400.3322066907745,45.59
1641.470227026,2518.7719545652035,45.6
1641.470427026,2427.78836862778,45.61
1641.4706270259999,2326.2874670138426,45.62
1641.470827026,2374.3691962269886,45.63
1641.471027026,2331.5685557981938,45.64
1641.471227026,2516.091615243711,45.65
1641.471427026,2505.093297658519,45.66
1641.4716270259999,2437.79196539452,45.67
1641.471827026,2430.447705373634,45.68
1641.472027026,2540.317141691235,45.69
1641.472227026,2348.329605368564,45.7
1641.4724270259999,2508.214229161257,45.71
1641.4726270259998,2466.1971442760573,45.72
1641.472827026,2501.9930584588305,45.73
1641.473027026,2496.847995967391,45.74
1641.473227026,2387.8635721464184,45.75
1641.4734270259999,2420.7773146882073,45.76
1641.473627026,2441.3452677596842,45.77
1641.473827026,2423.189410674164,45.78
1641.474027026,2462.065191335682,45.79
1641.4742270259999,2436.175573618113,45.8
1641.4744270259998,2446.8712682283353,45.81
1641.474627026,2644.3473238171505,45.82
1641.474827026,2523.929675949521,45.83
1641.475027026,2493.518603431506,45.84
1641.4752270259999,2445.6316363280225,45.85
1641.475427026,2451.3209242233233,45.86
1641.475627026,2402.260580187907,45.87
1641.475827026,2438.0205883010667,45.88
1641.4760270259999,2492.796358363685,45.89
1641.4762270259998,2486.458401469259,45.9
1641.476427026,2304.773436781238,45.91
1641.476627026,2371.321107093752,45.92
1641.476827026,2544.541261588545,45.93
1641.4770270259999,2349.154761083321,45.94
1641.477227026,2513.0107244682304,45.95
1641.477427026,2518.5216931564446,45.96
1641.477627026,2297.22808518268,45.97
1641.4778270259999,2616.067140172454,45.98
1641.4780270259998,2426.7442083580377,45.99
1641.478227026,2507.8073412716612,46.0
1641.478427026,2563.4183401096398,46.01
1641.478627026,2396.023801295084,46.02
1641.4788270259999,2545.331605675418,46.03
1641.479027026,2418.57346564976,46.04
1641.479227026,2547.4343369060252,46.05
1641.479427026,2553.212230269202,46.06
1641.479627026,2548.301406641878,46.07
1641.4798270259998,2490.844103729752,46.08
1641.480027026,2441.3431088882026,46.09
1641.480227026,2474.1900791041808,46.1
1641.480427026,2614.557963209748,46.11
1641.4806270259999,2430.351439993677,46.12
1641.480827026,2451.6739096739293,46.13
1641.481027026,2462.1381491318416,46.14
1641.481227026,2490.352694279491,46.15
1641.481427026,2454.086156434347,46.16
1641.4816270259998,2438.007284413583,46.17
1641.481827026,2652.2109476917735,46.18
1641.482027026,2525.100068118871,46.19
1641.482227026,2432.520005786537,46.2
1641.4824270259999,2387.65775889801,46.21
1641.482627026,2507.817311969457,46.22
1641.482827026,2379.7596979226455,46.23
1641.483027026,2564.753161855626,46.24
1641.483227026,2456.9096312093616,46.25
1641.4834270259998,2425.7347402083765,46.26
1641.483627026,2494.359918157894,46.27
1641.483827026,2393.359562029115,46.28
1641.484027026,2450.0130742646484,46.29
1641.4842270259999,2405.10011159391,46.3
1641.484427026,2452.2214477623766,46.31
1641.484627026,2668.1528868160503,46.32
1641.484827026,2452.0462170284445,46.33
1641.485027026,2666.1336603232476,46.34
1641.4852270259998,2594.4469490497017,46.35
1641.485427026,2349.592599219144,46.36
1641.485627026,2514.2366758937355,46.37
1641.485827026,2521.880619058341,46.38
1641.4860270259999,2606.1811067731846,46.39
1641.486227026,2481.2567432017913,46.4
1641.486427026,2525.2900381204786,46.41
1641.486627026,2572.3604340340084,46.42
1641.486827026,2599.578862501628,46.43
1641.4870270259999,2565.184635798445,46.44
1641.487227026,2242.839640627554,46.45
1641.487427026,2423.1319340537443,46.46
1641.487627026,2566.0464815035657,46.47
1641.4878270259999,2601.0467376860697,46.48
1641.4880270259998,2523.6054080658546,46.49
1641.488227026,2491.504902575306,46.5
1641.488427026,2529.4311832120934,46.51
1641.488627026,2541.0612856619036,46.52
1641.4888270259999,2530.211732694455,46.53
1641.489027026,2603.7666534959235,46.54
1641.489227026,2536.216898379551,46.55
1641.489427026,2509.12852159707,46.56
1641.4896270259999,2495.4849127213047,46.57
1641.4898270259998,2523.4772441926975,46.58
1641.490027026,2427.2888851568664,46.59
1641.490227026,2569.741297361243,46.6
1641.490427026,2444.0634401048205,46.61
1641.4906270259999,2450.479839652769,46.62
1641.490827026,2474.2935512577255,46.63
1641.491027026,2536.261395835762,46.64
1641.491227026,2642.810295778415,46.65
1641.4914270259999,2367.8278234908416,46.66
1641.4916270259998,2536.7046002356,46.67
1641.491827026,2487.9308503599696,46.68
1641.492027026,2514.432443339787,46.69
1641.492227026,2421.1595915701814,46.7
1641.4924270259999,2586.2897668665387,46.71
1641.492627026,2505.2069276561233,46.72
1641.492827026,2621.1484929948015,46.73
1641.493027026,2433.671759544174,46.74
1641.4932270259999,2548.770550203697,46.75
1641.4934270259998,2474.9462545986507,46.76
1641.493627026,2555.9642665954484,46.77
1641.493827026,2618.3069509698553,46.78
1641.494027026,2479.8400839946416,46.79
1641.4942270259999,2486.4540835703506,46.8
1641.494427026,2406.364354206746,46.81
1641.494627026,2527.1246798191155,46.82
1641.494827026,2518.156520815793,46.83
1641.495027026,2706.1564991033865,46.84
1641.4952270259998,2520.0675832505462,46.85
1641.495427026,2453.481461181945,46.86
1641.495627026,2524.0012439638463,46.87
1641.495827026,2585.551043641859,46.88
1641.4960270259999,2642.016265020043,46.89
1641.496227026,2500.8715599801344,46.9
1641.496427026,2546.4676529074964,46.91
1641.496627026,2455.625058165867,46.92
1641.496827026,2551.3350210603717,46.93
1641.4970270259998,2493.0253361848604,46.94
1641.497227026,2518.6621547770455,46.95
1641.497427026,2651.126399414969,46.96
1641.497627026,2573.8109868715374,46.97
1641.4978270259999,2423.5504180008447,46.98
1641.498027026,2485.174218499317,46.99
1641.498227026,2466.4593988056863,47.0
1641.498427026,2590.641067266374,47.01
1641.498627026,2620.594531093441,47.02
1641.4988270259998,2577.3329293462075,47.03
1641.499027026,2520.6132168120225,47.04
1641.499227026,2570.4035291959494,47.05
1641.499427026,2525.314712482334,47.06
1641.4996270259999,2641.9970741400525,47.07
1641.499827026,2502.3177175331093,47.08
1641.500027026,2511.9219243665702,47.09
1641.500227026,2556.714796053859,47.1
1641.500427026,2559.232362951443,47.11
1641.5006270259998,2735.258625745155,47.12
1641.500827026,2450.4825177561465,47.13
1641.501027026,2553.8298185245253,47.14
1641.501227026,2460.6906112785814,47.15
1641.5014270259999,2493.077799986487,47.16
1641.501627026,2771.809468211593,47.17
1641.501827026,2479.7792231217154,47.18
1641.502027026,2700.4673616865152,47.19
1641.502227026,2626.3729531615313,47.2
1641.5024270259999,2596.840768968748,47.21
1641.502627026,2487.2749847642112,47.22
1641.502827026,2549.9673796754996,47.23
1641.503027026,2598.1514496836,47.24
1641.5032270259999,2554.4684584231777,47.25
1641.503427026,2574.3471134495408,47.26
1641.503627026,2608.387738078753,47.27
1641.503827026,2493.794002427884,47.28
1641.504027026,2543.344324540142,47.29
1641.5042270259999,2614.2045473778653,47.3
1641.504427026,2673.7443794727474,47.31
1641.504627026,2608.172204675622,47.32
1641.504827026,2757.491351782873,47.33
1641.5050270259999,2586.4547240106076,47.34
1641.5052270259998,2690.1823487885204,47.35
1641.505427026,2643.888124428843,47.36
1641.505627026,2635.631071441183,47.37
1641.505827026,2595.099230475897,47.38
1641.5060270259999,2629.6608802894757,47.39
1641.506227026,2770.8449936297943,47.4
1641.506427026,2613.035457075512,47.41
1641.506627026,2617.4560057179146,47.42
1641.5068270259999,2682.8519348716313,47.43
1641.5070270259998,2604.5862529679616,47.44
1641.507227026,2520.87173388286,47.45
1641.507427026,2589.976329263679,47.46
1641.507627026,2502.719301315495,47.47
1641.5078270259999,2669.368515376832,47.48
1641.508027026,2522.9773180007846,47.49
1641.508227026,2649.9861773439216,47.5
1641.508427026,2637.889198349884,47.51
1641.5086270259999,2460.5704021267634,47.52
1641.5088270259998,2562.6131047499443,47.53
1641.509027026,2645.3613837356907,47.54
1641.509227026,2589.4402239495635,47.55
1641.509427026,2627.5420550638764,47.56
1641.5096270259999,2607.4599511959227,47.57
1641.509827026,2736.292221032457,47.58
1641.510027026,2779.776378242952,47.59
1641.510227026,2628.1066454004676,47.6
1641.510427026,2737.997595865887,47.61
1641.5106270259998,2758.1062856999224,47.62
1641.510827026,2562.00985854101,47.63
1641.511027026,2751.5374695121436,47.64
1641.511227026,2547.3902778936385,47.65
1641.5114270259999,2608.2801903396035,47.66
1641.511627026,2681.5636193905434,47.67
1641.511827026,2472.0611390221006,47.68
1641.512027026,2603.9253402078525,47.69
1641.512227026,2641.740261632471,47.7
1641.5124270259998,2519.6228147306947,47.71
1641.512627026,2653.414829829201,47.72
1641.512827026,2607.2259864051402,47.73
1641.513027026,2618.2403522332907,47.74
1641.5132270259999,2733.7218156445515,47.75
1641.513427026,2578.6781126498586,47.76
1641.513627026,2676.632654967011,47.77
1641.513827026,2689.0517533323923,47.78
1641.514027026,2620.9139974571453,47.79
1641.5142270259998,2696.6649412869297,47.8
1641.514427026,2673.0464594871964,47.81
1641.514627026,2614.6960780477416,47.82
1641.514827026,2618.13285038993,47.83
1641.5150270259999,2744.8855347285635,47.84
1641.515227026,2741.1904205375745,47.85
1641.515427026,2676.507745999377,47.86
1641.515627026,2714.8292937172405,47.87
1641.515827026,2610.024832492135,47.88
1641.5160270259998,2598.87572066312,47.89
1641.516227026,2599.29608894051,47.9
1641.516427026,2676.0790724872268,47.91
1641.516627026,2664.7752465644835,47.92
1641.5168270259999,2533.9995392797723,47.93
1641.517027026,2543.654922454248,47.94
1641.517227026,2699.8505988841835,47.95
1641.517427026,2644.334765377676,47.96
1641.517627026,2674.9507424580033,47.97
1641.5178270259998,2746.947561617789,47.98
1641.518027026,2747.946598829317,47.99
1641.518227026,2728.3165818519487,48.0
1641.518427026,2653.281293380316,48.01
1641.5186270259999,2653.4703206663717,48.02
1641.518827026,2530.5352222553006,48.03
1641.519027026,2649.3145258324844,48.04
1641.519227026,2688.9655147624308,48.05
1641.519427026,2683.8373563682158,48.06
1641.5196270259999,2541.3309980284535,48.07
1641.519827026,2549.5140398283315,48.08
1641.520027026,2634.409095306871,48.09
1641.520227026,2756.4575607489255,48.1
1641.5204270259999,2787.7424909583774,48.11
1641.5206270259998,2692.59391609064,48.12
1641.520827026,2709.7800476378625,48.13
1641.521027026,2774.5812751354733,48.14
1641.521227026,2625.102405392206,48.15
1641.5214270259999,2655.8818444052054,48.16
1641.521627026,2733.5745091685635,48.17
1641.521827026,2567.0538088719118,48.18
1641.522027026,2775.1118449542096,48.19
1641.5222270259999,2706.8490989373718,48.2
1641.5224270259998,2591.693694588644,48.21
1641.522627026,2756.5947390097535,48.22
1641.522827026,2642.2719850460417,48.23
1641.523027026,2479.984640398427,48.24
1641.5232270259999,2687.665468945779,48.25
1641.523427026,2727.8604096615863,48.26
1641.523627026,2713.4197901764046,48.27
1641.523827026,2604.4352282403343,48.28
1641.5240270259999,2664.688407566882,48.29
1641.5242270259998,2753.2366567652257,48.3
1641.524427026,2643.2058853243025,48.31
1641.524627026,2902.790554722288,48.32
1641.524827026,2857.8168488091837,48.33
1641.5250270259999,2542.408462968601,48.34
1641.525227026,2694.664874329163,48.35
1641.525427026,2615.5734258107054,48.36
1641.525627026,2567.660411029771,48.37
1641.525827026,2779.4998037466025,48.38
1641.5260270259998,2652.5517060525804,48.39
1641.526227026,2596.6909185515506,48.4
1641.526427026,2733.8339246564524,48.41
1641.526627026,2663.895872571687,48.42
1641.5268270259999,2579.2613705743574,48.43
1641.527027026,2645.6066296972126,48.44
1641.527227026,2744.397464939442,48.45
1641.527427026,2880.325484068231,48.46
1641.527627026,2579.0105366952725,48.47
1641.5278270259998,2695.7266886662555,48.48
1641.528027026,2698.2485894217266,48.49
1641.528227026,2720.8368366312197,48.5
1641.528427026,2741.1461469245996,48.51
1641.5286270259999,2531.51848223453,48.52
1641.528827026,2529.360675712702,48.53
1641.529027026,2663.492449617204,48.54
1641.529227026,2598.0474225745565,48.55
1641.529427026,2730.7128954691602,48.56
1641.5296270259998,2721.452585993063,48.57
1641.529827026,2732.1505311428473,48.58
1641.530027026,2685.111481790785,48.59
1641.530227026,2617.0477637613717,48.6
1641.5304270259999,2765.3421812044758,48.61
1641.530627026,2620.2751451066865,48.62
1641.530827026,2691.4614844584958,48.63
1641.531027026,2781.4514629674145,48.64
1641.531227026,2833.1450541301806,48.65
1641.5314270259998,2776.248699839579,48.66
1641.531627026,2711.917215412354,48.67
1641.531827026,2762.033960493109,48.68
1641.532027026,2643.7471248003435,48.69
1641.5322270259999,2614.622069069539,48.7
1641.532427026,2693.6409309291043,48.71
1641.532627026,2792.681643121682,48.72
1641.532827026,2637.5432007148806,48.73
1641.533027026,2659.927996068893,48.74
1641.5332270259998,2712.189771696575,48.75
1641.533427026,2743.68153406103,48.76
1641.533627026,2633.3711723702627,48.77
1641.533827026,2735.7606971419677,48.78
1641.5340270259999,2719.5929131424905,48.79
1641.534227026,2691.166083599273,48.8
1641.534427026,2773.5643134620077,48.81
1641.534627026,2717.714345132551,48.82
1641.534827026,2873.755588423169,48.83
1641.5350270259999,2855.1865166774055,48.84
1641.535227026,2722.8931806136115,48.85
1641.535427026,2724.001852478309,48.86
1641.535627026,2705.725956763375,48.87
1641.5358270259999,2693.23150918328,48.88
1641.5360270259998,2781.6489525165794,48.89
1641.536227026,2785.2167461670856,48.9
1641.536427026,2865.144565217569,48.91
1641.536627026,2751.426086003672,48.92
1641.5368270259999,2716.603128316577,48.93
1641.537027026,2779.455367237253,48.94
1641.537227026,2812.904718171889,48.95
1641.537427026,2692.17212671065,48.96
1641.5376270259999,2763.607054284239,48.97
1641.5378270259998,2762.1554480332666,48.98
1641.538027026,2836.2327591222547,48.99
1641.538227026,2609.935228414611,49.0
1641.538427026,2713.348723108117,49.01
1641.5386270259999,2694.8856891210794,49.02
1641.538827026,2623.4157522850824,49.03
1641.539027026,2695.3798922625647,49.04
1641.539227026,2742.0234876843633,49.05
1641.5394270259999,2736.9525258576787,49.06
1641.5396270259998,2835.6622346729264,49.07
1641.539827026,2824.645121954299,49.08
1641.540027026,2782.5818431204593,49.09
1641.540227026,2819.679249186548,49.1
1641.5404270259999,2797.4945830256847,49.11
1641.540627026,2655.687646533892,49.12
1641.540827026,2770.001803909184,49.13
1641.541027026,2721.383304004082,49.14
1641.541227026,2849.337769738724,49.15
1641.5414270259998,2829.491507793788,49.16
1641.541627026,2639.868692365565,49.17
1641.541827026,2701.58587953529,49.18
1641.542027026,2758.540622992494,49.19
1641.5422270259999,2826.567210834287,49.2
1641.542427026,2844.828494290605,49.21
1641.542627026,2766.0056320920385,49.22
1641.542827026,2718.008094742549,49.23
1641.543027026,2764.5877110429356,49.24
1641.5432270259998,2684.633638353835,49.25
1641.543427026,2810.5859723508815,49.26
1641.543627026,2831.057929794127,49.27
1641.543827026,2866.8385339051715,49.28
1641.5440270259999,2757.575628019901,49.29
1641.544227026,2838.931909495629,49.3
1641.544427026,2765.5260854179623,49.31
1641.544627026,2796.6823204231105,49.32
1641.544827026,2884.432669023606,49.33
1641.5450270259998,2701.1709350659057,49.34
1641.545227026,2795.482341931451,49.35
1641.545427026,2755.761236590347,49.36
1641.545627026,2691.710500982823,49.37
1641.5458270259999,2708.2099476544463,49.38
1641.546027026,2766.8670060973054,49.39
1641.546227026,2712.585856499311,49.4
1641.546427026,2839.794307320522,49.41
1641.546627026,2833.6700378366218,49.42
1641.5468270259998,2949.1563578101927,49.43
1641.547027026,2657.3041232057603,49.44
1641.547227026,2806.742659900242,49.45
1641.547427026,2805.926993202998,49.46
1641.5476270259999,2806.3669386378574,49.47
1641.547827026,2850.5784987335646,49.48
1641.548027026,2850.2365559734394,49.49
1641.548227026,2867.030159530123,49.5
1641.548427026,2730.477231545858,49.51
1641.5486270259998,2859.112145952954,49.52
1641.548827026,2809.6784149601103,49.53
1641.549027026,2722.435080675829,49.54
1641.549227026,2714.6431495021475,49.55
1641.5494270259999,2816.1567846739313,49.56
1641.549627026,2812.658038609824,49.57
1641.549827026,2830.9769263862936,49.58
1641.550027026,2816.458224236978,49.59
1641.550227026,2849.674436858069,49.6
1641.5504270259999,2862.7686817787508,49.61
1641.550627026,2798.8576573346477,49.62
1641.550827026,2716.138941080253,49.63
1641.551027026,2925.4476502207817,49.64
1641.5512270259999,2844.0472232494667,49.65
1641.5514270259998,2812.1148062713874,49.66
1641.551627026,2834.731030492523,49.67
1641.551827026,2751.462493595338,49.68
1641.552027026,2647.212421241537,49.69
1641.5522270259999,2765.28349161309,49.7
1641.552427026,2887.1662520531577,49.71
1641.552627026,2857.814924625214,49.72
1641.552827026,2960.890217041752,49.73
1641.5530270259999,2822.8666813762557,49.74
1641.5532270259998,2792.0233683178185,49.75
1641.553427026,2873.9026536992583,49.76
1641.553627026,2865.420468218611,49.77
1641.553827026,2856.8060797271314,49.78
1641.5540270259999,2785.736109773593,49.79
1641.554227026,2988.923942519039,49.8
1641.554427026,2826.942009069643,49.81
1641.554627026,2824.137210509471,49.82
1641.5548270259999,2769.7121861369023,49.83
1641.5550270259998,2908.0886014571197,49.84
1641.555227026,2739.9135960510803,49.85
1641.555427026,2749.0416513276114,49.86
1641.555627026,2907.0985231812365,49.87
1641.5558270259999,2786.8310802010515,49.88
1641.556027026,2844.9276256116896,49.89
1641.556227026,2799.592173953329,49.9
1641.556427026,2777.262330697064,49.91
1641.556627026,2893.867470370287,49.92
1641.5568270259998,2943.899037550042,49.93
1641.557027026,2696.6995653077606,49.94
1641.557227026,2879.106064627752,49.95
1641.557427026,2748.300785480424,49.96
1641.5576270259999,2801.0238030236173,49.97
1641.557827026,2895.4851712258546,49.98
1641.558027026,2804.4747675751187,49.99
1641.558227026,2773.0369628778603,50.0
1641.558427026,2873.65868093584,50.01
1641.5586270259998,2828.3964418411592,50.02
1641.558827026,2915.4151978143823,50.03
1641.559027026,2804.4622322803116,50.04
1641.559227026,2834.16716209843,50.05
1641.5594270259999,2836.8344451969588,50.06
1641.559627026,2792.400498362734,50.07
1641.559827026,2781.6967420181677,50.08
1641.560027026,2907.256826728271,50.09
1641.560227026,2834.564475140865,50.1
1641.5604270259998,2838.1427086643,50.11
1641.560627026,2730.2267414445614,50.12
1641.560827026,2835.6043568729583,50.13
1641.561027026,2847.5212087394607,50.14
1641.5612270259999,2872.2017016697573,50.15
1641.561427026,2896.5890874797155,50.16
1641.561627026,2848.413840333646,50.17
1641.561827026,2671.552404206641,50.18
1641.562027026,2798.2807008435916,50.19
1641.5622270259998,2879.972553062562,50.2
1641.562427026,2888.3318198004235,50.21
1641.562627026,2815.9745589333334,50.22
1641.562827026,2764.519834094696,50.23
1641.5630270259999,2777.0678584158054,50.24
1641.563227026,2909.8348832814786,50.25
1641.563427026,2967.088343535575,50.26
1641.563627026,2972.270043222111,50.27
1641.563827026,2845.7729567235724,50.28
1641.5640270259998,2863.356234040164,50.29
1641.564227026,2888.062766460462,50.3
1641.564427026,2896.960228739932,50.31
1641.564627026,2900.7839895941142,50.32
1641.5648270259999,2769.5774889465715,50.33
1641.565027026,2820.948434595785,50.34
1641.565227026,2951.6845269321534,50.35
1641.565427026,2847.5750005195227,50.36
1641.565627026,2838.8043156870162,50.37
1641.5658270259999,2904.530268236227,50.38
1641.566027026,2951.5629855543943,50.39
1641.566227026,2854.9435501925063,50.4
1641.566427026,2882.684025082277,50.41
1641.5666270259999,2871.350729046732,50.42
1641.5668270259998,2931.319439957457,50.43
1641.567027026,2839.5479511202107,50.44
1641.567227026,2875.2791142125952,50.45
1641.567427026,2970.264049056446,50.46
1641.5676270259999,2898.899633898951,50.47
1641.567827026,2723.6551262408384,50.48
1641.568027026,2926.0919475131454,50.49
1641.568227026,2815.3858353715846,50.5
1641.5684270259999,2843.5466540206135,50.51
1641.5686270259998,3146.9911889941,50.52
1641.568827026,2925.185882453887,50.53
1641.569027026,2871.953537329191,50.54
1641.569227026,2957.4323155691254,50.55
1641.5694270259999,2943.3074556740517,50.56
1641.569627026,2953.022546323764,50.57
1641.569827026,2789.910976243664,50.58
1641.570027026,2934.291899230075,50.59
1641.5702270259999,2887.839200670644,50.6
1641.5704270259998,2845.4644508651263,50.61
1641.570627026,2986.643329567442,50.62
1641.570827026,2808.0900085034914,50.63
1641.571027026,2970.663359631165,50.64
1641.5712270259999,2770.457196018783,50.65
1641.571427026,2886.5176414871867,50.66
1641.571627026,2912.5547086055412,50.67
1641.571827026,3010.7997773850298,50.68
1641.572027026,2926.525874434755,50.69
1641.5722270259998,2988.415258998062,50.7
1641.572427026,3005.2577235977164,50.71
1641.572627026,2955.361989631676,50.72
1641.572827026,3046.3950286717118,50.73
1641.5730270259999,2834.9275775116803,50.74
1641.573227026,3108.397114423717,50.75
1641.573427026,2886.7571200122734,50.76
1641.573627026,3039.140814016103,50.77
1641.573827026,2989.6329418135956,50.78
1641.5740270259998,2885.1697723107313,50.79
1641.574227026,2912.919737067848,50.8
1641.574427026,3034.66004288995,50.81
1641.574627026,2869.5542301632895,50.82
1641.5748270259999,2874.6823902717624,50.83
1641.575027026,2964.856906446138,50.84
1641.575227026,2996.8069296952635,50.85
1641.575427026,2892.7512336537397,50.86
1641.575627026,2977.434356891107,50.87
1641.5758270259998,2947.2151860827494,50.88
1641.576027026,2859.439164375099,50.89
1641.576227026,2922.01686229876,50.9
1641.576427026,2847.0361115661394,50.91
1641.5766270259999,3047.059313923503,50.92
1641.576827026,2959.1245740095105,50.93
1641.577027026,2950.1163090247187,50.94
1641.577227026,3022.55059918452,50.95
1641.577427026,2834.349712210566,50.96
1641.5776270259998,2848.2613966863532,50.97
1641.577827026,2956.584831828335,50.98
1641.578027026,2936.965558649791,50.99
1641.578227026,2915.5864043536626,51.0
1641.5784270259999,2976.675832315322,51.01
1641.578627026,3042.9257916105744,51.02
1641.578827026,2983.14120420266,51.03
1641.579027026,2911.548758556107,51.04
1641.579227026,2849.1788788966137,51.05
1641.5794270259998,3011.07821280659,51.06
1641.579627026,2858.917978380631,51.07
1641.579827026,2950.4946870320546,51.08
1641.580027026,2876.6336634716813,51.09
1641.5802270259999,2910.8528812562167,51.1
1641.580427026,2930.3737008529743,51.11
1641.580627026,2950.2296968376313,51.12
1641.580827026,3094.5342601035663,51.13
1641.581027026,2874.2399818669837,51.14
1641.5812270259999,2967.673347091767,51.15
1641.581427026,2860.5988953124674,51.16
1641.581627026,3167.3744807356775,51.17
1641.581827026,2938.750999793084,51.18
1641.5820270259999,3104.301276727681,51.19
1641.5822270259998,2992.0880673598062,51.2
1641.582427026,2881.7896859220587,51.21
1641.582627026,2942.73135082719,51.22
1641.582827026,2959.3600646510004,51.23
1641.5830270259999,2965.3850212202565,51.24
1641.583227026,2981.8585518073505,51.25
1641.583427026,3070.4285725307395,51.26
1641.583627026,2841.42914353715,51.27
1641.5838270259999,2846.4424756786525,51.28
1641.5840270259998,2943.8802781353716,51.29
1641.584227026,3028.934219208107,51.3
1641.584427026,2789.3174240926023,51.31
1641.584627026,3001.64496377425,51.32
1641.5848270259999,2909.45045816066,51.33
1641.585027026,3003.3053930113883,51.34
1641.585227026,2978.9248356749754,51.35
1641.585427026,2980.986445426073,51.36
1641.5856270259999,3018.8765640969114,51.37
1641.5858270259998,2689.3180260578256,51.38
1641.586027026,3001.0307810887366,51.39
1641.586227026,3054.5075146742497,51.4
1641.586427026,3036.099093508477,51.41
1641.5866270259999,2935.563622618326,51.42
1641.586827026,3011.145098584287,51.43
1641.587027026,2966.3354863182913,51.44
1641.587227026,3031.3707843538273,51.45
1641.587427026,2966.796620534204,51.46
1641.5876270259998,2941.2880497742076,51.47
1641.587827026,2998.4782199487495,51.48
1641.588027026,2986.35190290006,51.49
1641.588227026,2844.763523090194,51.5
1641.5884270259999,3005.6699179763195,51.51
1641.588627026,3037.6784998232692,51.52
1641.588827026,2975.798785863421,51.53
1641.589027026,3010.4863003419173,51.54
1641.589227026,3057.159293104037,51.55
1641.5894270259998,2940.0777222205334,51.56
1641.589627026,3015.517656809578,51.57
1641.589827026,2930.1982762793787,51.58
1641.590027026,3003.8574592097575,51.59
1641.5902270259999,2970.2472671490773,51.6
1641.590427026,3031.509847485285,51.61
1641.590627026,3069.8371640423416,51.62
1641.590827026,3148.224662235239,51.63
1641.591027026,3051.338810860856,51.64
1641.5912270259998,2988.4079746745183,51.65
1641.591427026,2870.874667835382,51.66
1641.591627026,3029.471920499174,51.67
1641.591827026,3009.1331733456213,51.68
1641.5920270259999,3025.5204337778473,51.69
1641.592227026,2955.862503746635,51.7
1641.592427026,2995.9034633230976,51.71
1641.592627026,3017.791769711483,51.72
1641.592827026,3126.7380195711703,51.73
1641.5930270259998,3107.4523820428935,51.74
1641.593227026,2941.8886746888447,51.75
1641.593427026,2827.738017286563,51.76
1641.593627026,2943.1252708176935,51.77
1641.5938270259999,3136.3014438379278,51.78
1641.594027026,3083.175942810232,51.79
1641.594227026,3083.057623361463,51.8
1641.594427026,2890.7873137179977,51.81
1641.594627026,3037.0225604306697,51.82
1641.5948270259998,3011.3803742620407,51.83
1641.595027026,3135.6237219905956,51.84
1641.595227026,3014.9046072832,51.85
1641.595427026,3043.7526631917417,51.86
1641.5956270259999,3145.9990136977776,51.87
1641.595827026,3059.546367050523,51.88
1641.596027026,2991.3037364905344,51.89
1641.596227026,3084.396793168492,51.9
1641.596427026,2887.0642407360774,51.91
1641.5966270259999,3063.6202843434344,51.92
1641.596827026,2975.438707131765,51.93
1641.597027026,2980.3451343166907,51.94
1641.597227026,3028.2203775650955,51.95
1641.5974270259999,3111.848767261126,51.96
1641.5976270259998,2995.277745485397,51.97
1641.597827026,2927.5807335233135,51.98
1641.598027026,2961.0843151408935,51.99
1641.598227026,3108.8544791427566,52.0
1641.5984270259999,2989.0048999402047,52.01
1641.598627026,3079.7433922037444,52.02
1641.598827026,3050.3421641672708,52.03
1641.599027026,3068.2824415079594,52.04
1641.5992270259999,3074.4626736443474,52.05
1641.5994270259998,2986.985207818565,52.06
1641.599627026,2969.8399521495858,52.07
1641.599827026,3097.547288204867,52.08
1641.600027026,2917.0641014670045,52.09
1641.6002270259999,2950.635265429522,52.1
1641.600427026,3095.4975625081643,52.11
1641.600627026,2988.2394730642945,52.12
1641.600827026,2929.831237117555,52.13
1641.6010270259999,2995.081091471072,52.14
1641.6012270259998,3009.261337484518,52.15
1641.601427026,3158.5648198229496,52.16
1641.601627026,3085.684483782852,52.17
1641.601827026,2964.338394124891,52.18
1641.6020270259999,3024.664920109642,52.19
1641.602227026,2987.36629879389,52.2
1641.602427026,2941.6888779484298,52.21
1641.602627026,3101.2257695823578,52.22
1641.6028270259999,3162.5263351853523,52.23
1641.6030270259998,2937.0901122333835,52.24
1641.603227026,3046.102718398989,52.25
1641.603427026,3005.0563813522067,52.26
1641.603627026,3087.38198089918,52.27
1641.6038270259999,3218.139524641172,52.28
1641.604027026,3075.2815071415584,52.29
1641.604227026,3101.945258946345,52.3
1641.604427026,3053.4538356212024,52.31
1641.604627026,3106.4648433626753,52.32
1641.6048270259998,3061.79552441794,52.33
1641.605027026,2985.6613243822967,52.34
1641.605227026,2935.617031457649,52.35
1641.605427026,3044.855884662656,52.36
1641.6056270259999,3142.090395567908,52.37
1641.605827026,3148.552200428321,52.38
1641.606027026,3175.697919907393,52.39
1641.606227026,3021.3028506897567,52.4
1641.606427026,3053.3384941271847,52.41
1641.6066270259998,3018.7343024474776,52.42
1641.606827026,3089.934142195082,52.43
1641.607027026,3253.6636388822244,52.44
1641.607227026,3091.3689147813493,52.45
1641.6074270259999,2929.509906119852,52.46
1641.607627026,3020.299662267965,52.47
1641.607827026,3011.980432602534,52.48
1641.608027026,3116.965980234406,52.49
1641.608227026,2922.128466503588,52.5
1641.6084270259998,2995.611723349307,52.51
1641.608627026,3029.3631120638984,52.52
1641.608827026,2938.2636177235527,52.53
1641.609027026,3076.8974745301884,52.54
1641.6092270259999,3178.279936179999,52.55
1641.609427026,2987.30672066769,52.56
1641.609627026,3048.1860187417706,52.57
1641.609827026,3169.218437898651,52.58
1641.610027026,3153.9176100807585,52.59
1641.6102270259998,3109.66277172897,52.6
1641.610427026,3128.3724311619135,52.61
1641.610627026,3128.9926720774715,52.62
1641.610827026,3161.5348447112096,52.63
1641.6110270259999,3004.3766862374,52.64
1641.611227026,2989.149839083981,52.65
1641.611427026,3192.259784599882,52.66
1641.611627026,3086.2674440205783,52.67
1641.611827026,3143.9282846096344,52.68
1641.6120270259999,3107.8250839876664,52.69
1641.612227026,3131.341838876197,52.7
1641.612427026,3263.8542722515913,52.71
1641.612627026,3195.199705424561,52.72
1641.6128270259999,3011.3683712895922,52.73
1641.6130270259998,3155.303928761716,52.74
1641.613227026,3056.485432614885,52.75
1641.613427026,3093.7752074691734,52.76
1641.613627026,3183.2241936627756,52.77
1641.6138270259999,3049.1856321367463,52.78
1641.614027026,2994.3087404569783,52.79
1641.614227026,3103.9422120394415,52.8
1641.614427026,3043.5255092398684,52.81
1641.6146270259999,3066.609716408356,52.82
1641.6148270259998,3114.2884257337373,52.83
1641.615027026,3139.0869040125926,52.84
1641.615227026,3036.149012756452,52.85
1641.615427026,3208.6910785585087,52.86
1641.6156270259999,3162.594681826832,52.87
1641.615827026,3161.6633519202455,52.88
1641.616027026,2959.6991598597187,52.89
1641.616227026,3178.955191468045,52.9
1641.6164270259999,3077.7974279608243,52.91
1641.6166270259998,3134.8136731214368,52.92
1641.616827026,3080.01601213727,52.93
1641.617027026,3022.9604401698543,52.94
1641.617227026,3197.13806771467,52.95
1641.6174270259999,3159.7597464587902,52.96
1641.617627026,3196.919387907326,52.97
1641.617827026,3077.000182174062,52.98
1641.618027026,3023.280177488783,52.99
1641.6182270259999,3178.116450688964,53.0
1641.6184270259998,3198.9298175503595,53.01
1641.618627026,3110.34698847882,53.02
1641.618827026,3129.4052737647785,53.03
1641.619027026,3109.497294860794,53.04
1641.6192270259999,3250.152056307452,53.05
1641.619427026,3057.1082156000575,53.06
1641.619627026,3103.445955160489,53.07
1641.619827026,3056.68583811035,53.08
1641.620027026,3250.278154092455,53.09
1641.6202270259998,3168.9519015629176,53.1
1641.620427026,3204.077804711353,53.11
1641.620627026,3299.2051233197703,53.12
1641.620827026,3002.4982080458194,53.13
1641.6210270259999,3075.9862385945166,53.14
1641.621227026,3217.9476225383487,53.15
1641.621427026,3298.061842228277,53.16
1641.621627026,3168.002211386607,53.17
1641.621827026,3147.7640022412734,53.18
1641.6220270259998,3203.1002074685725,53.19
1641.622227026,3068.2912770079142,53.2
1641.622427026,3070.1510096018887,53.21
1641.622627026,3108.1176502763415,53.22
1641.6228270259999,3041.860863396916,53.23
1641.623027026,3038.9439014521467,53.24
1641.623227026,3113.125984879213,53.25
1641.623427026,3219.1860686479495,53.26
1641.623627026,3265.1633386881313,53.27
1641.6238270259998,3196.747291835885,53.28
1641.624027026,3144.375877819119,53.29
1641.624227026,3115.31086102299,53.3
1641.624427026,3100.493720653768,53.31
1641.6246270259999,3113.6270215964823,53.32
1641.624827026,3119.991742550807,53.33
1641.625027026,3139.000892338444,53.34
1641.625227026,3134.1870023475744,53.35
1641.625427026,3139.6157087028264,53.36
1641.6256270259998,3294.077264991511,53.37
1641.625827026,3209.1037640027384,53.38
1641.626027026,3256.367646194136,53.39
1641.626227026,3217.5446662868167,53.4
1641.6264270259999,3101.3327093871576,53.41
1641.626627026,3207.3840559885525,53.42
1641.626827026,3163.3075146101796,53.43
1641.627027026,3124.5746697890586,53.44
1641.627227026,3191.4297072625554,53.45
1641.6274270259999,3242.81501287438,53.46
1641.627627026,3227.7935389328804,53.47
1641.627827026,3177.5469976915306,53.48
1641.628027026,3086.3769614874636,53.49
1641.6282270259999,3153.7815417220413,53.5
1641.628427026,3287.645125839718,53.51
1641.628627026,3160.988622342439,53.52
1641.628827026,3269.5257597404648,53.53
1641.629027026,3174.5914985570516,53.54
1641.6292270259999,3188.0537063511074,53.55
1641.629427026,3074.3903517512426,53.56
1641.629627026,3240.8387817495955,53.57
1641.629827026,3306.9183606826527,53.58
1641.6300270259999,3188.3181634577095,53.59
1641.6302270259998,3169.280411469109,53.6
1641.630427026,3291.204070831717,53.61
1641.630627026,3202.9133339445034,53.62
1641.630827026,3204.1232556624623,53.63
1641.6310270259999,3318.7935270613166,53.64
1641.631227026,3150.2583591022976,53.65
1641.631427026,3091.2693313521004,53.66
1641.631627026,3287.2533893300542,53.67
1641.6318270259999,3252.7205770607425,53.68
1641.6320270259998,3166.000425860239,53.69
1641.632227026,3204.491515472575,53.7
1641.632427026,3320.752435341365,53.71
1641.632627026,3215.104225094198,53.72
1641.6328270259999,3226.223550334575,53.73
1641.633027026,3146.472828234207,53.74
1641.633227026,3219.670961600254,53.75
1641.633427026,3131.110622850759,53.76
1641.6336270259999,3156.4727754363275,53.77
1641.6338270259998,3148.086522540455,53.78
1641.634027026,3219.7078688291112,53.79
1641.634227026,3237.7427034075577,53.8
1641.634427026,3305.461103296452,53.81
1641.6346270259999,3353.344709810569,53.82
1641.634827026,3196.367982802421,53.83
1641.635027026,3253.9986354257167,53.84
1641.635227026,3110.3086049833382,53.85
1641.635427026,3333.8296731426117,53.86
1641.6356270259998,3404.5047915264768,53.87
1641.635827026,3315.1161937073025,53.88
1641.636027026,3372.893547219018,53.89
1641.636227026,3287.0540309954913,53.9
1641.6364270259999,3282.4712096470057,53.91
1641.636627026,3248.8116786682153,53.92
1641.636827026,3223.489522472697,53.93
1641.637027026,3367.6610178524047,53.94
1641.637227026,3331.9523054230135,53.95
1641.6374270259998,3162.54651705904,53.96
1641.637627026,3213.95077054174,53.97
1641.637827026,3239.6068291448087,53.98
1641.638027026,3109.263848251048,53.99
1641.6382270259999,3383.1996017148526,54.0
1641.638427026,3190.441453250392,54.01
1641.638627026,3315.6311780139276,54.02
1641.638827026,3238.2834093722836,54.03
1641.639027026,3227.907108616562,54.04
1641.6392270259998,3149.3753876752794,54.05
1641.639427026,3312.2581381784294,54.06
1641.639627026,3214.5898567723416,54.07
1641.639827026,3245.4416972565177,54.08
1641.6400270259999,3251.2634494959075,54.09
1641.640227026,3056.026730878918,54.1
1641.640427026,3204.627597775061,54.11
1641.640627026,3202.366035313359,54.12
1641.640827026,3410.180578996348,54.13
1641.6410270259998,3131.7352672490897,54.14
1641.641227026,3158.8564616659883,54.15
1641.641427026,3323.0148625067754,54.16
1641.641627026,3172.8265514027717,54.17
1641.6418270259999,3154.734783170553,54.18
1641.642027026,3300.6360039598567,54.19
1641.642227026,3373.234061616436,54.2
1641.642427026,3212.0102908399826,54.21
1641.642627026,3414.835169306669,54.22
1641.6428270259998,3286.6783522098585,54.23
1641.643027026,3133.851724177051,54.24
1641.643227026,3223.9867788014367,54.25
1641.643427026,3275.610780426191,54.26
1641.6436270259999,3223.6577596164543,54.27
1641.643827026,3224.894733333224,54.28
1641.644027026,3260.8465755992734,54.29
1641.644227026,3165.3012429013424,54.3
1641.644427026,3194.298610644806,54.31
1641.6446270259999,3203.0187716340088,54.32
1641.644827026,3156.2177269962285,54.33
1641.645027026,3164.272014686077,54.34
1641.645227026,3284.151616681438,54.35
1641.6454270259999,3304.4606705723318,54.36
1641.6456270259998,3107.3280099256644,54.37
1641.645827026,3286.6456114287034,54.38
1641.646027026,3195.00809186187,54.39
1641.646227026,3280.523293957998,54.4
1641.6464270259999,3222.4463316287965,54.41
1641.646627026,3126.487810354001,54.42
1641.646827026,3278.6140381235464,54.43
1641.647027026,3163.016937576802,54.44
1641.6472270259999,3191.481180169925,54.45
1641.6474270259998,3291.5796619493676,54.46
1641.647627026,3239.973474516615,54.47
1641.647827026,3285.6809251786713,54.48
1641.648027026,3315.902416657163,54.49
1641.6482270259999,3297.4577787961152,54.5
1641.648427026,3132.227353066047,54.51
1641.648627026,3266.815097202844,54.52
1641.648827026,3330.0907393741372,54.53
1641.6490270259999,3235.784981909989,54.54
1641.6492270259998,3262.7669453834883,54.55
1641.649427026,3336.9941310103172,54.56
1641.649627026,3290.984202324221,54.57
1641.649827026,3218.315762756956,54.58
1641.6500270259999,3210.922706811003,54.59
1641.650227026,3310.2556713502345,54.6
1641.650427026,3290.9617867034544,54.61
1641.650627026,3146.540137334658,54.62
1641.650827026,3184.3432363932716,54.63
1641.6510270259998,3312.5413933818363,54.64
1641.651227026,3312.4331022732786,54.65
1641.651427026,3338.544804667963,54.66
1641.651627026,3402.6438216386737,54.67
1641.6518270259999,3369.0823418690293,54.68
1641.652027026,3330.2927221982445,54.69
1641.652227026,3347.848724161865,54.7
1641.652427026,3156.9470188908363,54.71
1641.652627026,3175.8303909378546,54.72
1641.6528270259998,3186.3835375010185,54.73
1641.653027026,3198.064475651979,54.74
1641.653227026,3187.8112037907176,54.75
1641.653427026,3204.7727467021377,54.76
1641.6536270259999,3320.2391946056173,54.77
1641.653827026,3265.088208030628,54.78
1641.654027026,3355.8649832271603,54.79
1641.654227026,3386.1876826802895,54.8
1641.654427026,3355.7576970423875,54.81
1641.6546270259998,3416.868489060072,54.82
1641.654827026,3373.587911645466,54.83
1641.655027026,3330.6735308015263,54.84
1641.655227026,3284.811950333176,54.85
1641.6554270259999,3362.4380798516595,54.86
1641.655627026,3266.6321089310304,54.87
1641.655827026,3389.6300602194,54.88
1641.656027026,3326.5095064801953,54.89
1641.656227026,3396.243349594957,54.9
1641.6564270259998,3310.624234453726,54.91
1641.656627026,3196.818836956081,54.92
1641.656827026,3286.466061542389,54.93
1641.657027026,3266.9357124087805,54.94
1641.6572270259999,3336.069482415011,54.95
1641.657427026,3387.8469784628887,54.96
1641.657627026,3283.9390464676335,54.97
1641.657827026,3441.750246081347,54.98
1641.658027026,3268.4810388878905,54.99
1641.6582270259998,3313.613608845494,55.0
1641.658427026,3347.9589992287824,55.01
1641.658627026,3437.7708493011937,55.02
1641.658827026,3422.2590999065533,55.03
1641.6590270259999,3322.9767196600583,55.04
1641.659227026,3340.730247786142,55.05
1641.659427026,3327.56570494205,55.06
1641.659627026,3323.1676918481226,55.07
1641.659827026,3519.002229022608,55.08
1641.6600270259999,3341.371651738456,55.09
1641.660227026,3352.4352331990513,55.1
1641.660427026,3435.8303140119024,55.11
1641.660627026,3298.0930651192944,55.12
1641.6608270259999,3417.3164173222494,55.13
1641.6610270259998,3383.799986865116,55.14
1641.661227026,3192.9841820978045,55.15
1641.661427026,3331.3540453477813,55.16
1641.661627026,3230.338015737729,55.17
1641.6618270259999,3460.776933287891,55.18
1641.662027026,3245.8087168897728,55.19
1641.662227026,3429.1729162395413,55.2
1641.662427026,3312.764242141115,55.21
1641.6626270259999,3435.419884162786,55.22
1641.6628270259998,3159.0045158960315,55.23
1641.663027026,3455.0491941395453,55.24
1641.663227026,3397.3835618854637,55.25
1641.663427026,3294.7579811641117,55.26
1641.6636270259999,3266.7292820163657,55.27
1641.663827026,3393.946901939703,55.28
1641.664027026,3284.79145007348,55.29
1641.664227026,3168.4231892827393,55.3
1641.6644270259999,3311.3286952766066,55.31
1641.6646270259998,3253.9890310663745,55.32
1641.664827026,3448.1861012607874,55.33
1641.665027026,3403.572649133542,55.34
1641.665227026,3243.2470936374843,55.35
1641.6654270259999,3529.930330929949,55.36
1641.665627026,3299.70844926992,55.37
1641.665827026,3259.257521347594,55.38
1641.666027026,3420.134006584066,55.39
1641.666227026,3219.371465660306,55.4
1641.6664270259998,3398.78374872746,55.41
1641.666627026,3380.989402610519,55.42
1641.666827026,3433.273989407074,55.43
1641.667027026,3388.98815766777,55.44
1641.6672270259999,3349.613913265553,55.45
1641.667427026,3402.244189503638,55.46
1641.667627026,3371.3063868931004,55.47
1641.667827026,3340.7822451782586,55.48
1641.668027026,3291.8283061003876,55.49
1641.6682270259998,3533.028669268188,55.5
1641.668427026,3314.908419851212,55.51
1641.668627026,3405.1378362159257,55.52
1641.668827026,3495.798337454571,55.53
1641.6690270259999,3280.0612845123565,55.54
1641.669227026,3318.8188921928686,55.55
1641.669427026,3325.5470827802546,55.56
1641.669627026,3381.1154398405606,55.57
1641.669827026,3436.167965761666,55.58
1641.6700270259998,3288.7210291630195,55.59
1641.670227026,3223.3866920923056,55.6
1641.670427026,3531.20181177897,55.61
1641.670627026,3422.9340013995284,55.62
1641.6708270259999,3409.2640449167034,55.63
1641.671027026,3348.58024611362,55.64
1641.671227026,3332.627811377669,55.65
1641.671427026,3494.053390829246,55.66
1641.671627026,3444.073095742716,55.67
1641.6718270259998,3280.9415289922817,55.68
1641.672027026,3438.6970725531805,55.69
1641.672227026,3374.318711662154,55.7
1641.672427026,3500.7147314580866,55.71
1641.6726270259999,3387.197204822642,55.72
1641.672827026,3493.319418902322,55.73
1641.673027026,3409.629340223572,55.74
1641.673227026,3486.1643599999247,55.75
1641.673427026,3430.6461592519895,55.76
1641.6736270259998,3362.9717319194992,55.77
1641.673827026,3353.7679573657847,55.78
1641.674027026,3478.151149950761,55.79
1641.674227026,3335.656618745251,55.8
1641.6744270259999,3418.5427109619086,55.81
1641.674627026,3375.650952033437,55.82
1641.674827026,3426.9527559274334,55.83
1641.675027026,3343.5073610969184,55.84
1641.675227026,3383.236036838237,55.85
1641.6754270259999,3455.3964897289447,55.86
1641.675627026,3475.5569690407974,55.87
1641.675827026,3295.3565505508964,55.88
1641.676027026,3458.1652942647256,55.89
1641.6762270259999,3314.6029143185224,55.9
1641.6764270259998,3285.4478332812837,55.91
1641.676627026,3560.539484740232,55.92
1641.676827026,3353.462010179737,55.93
1641.677027026,3450.354818227653,55.94
1641.6772270259999,3556.3449187894635,55.95
1641.677427026,3452.81800590704,55.96
1641.677627026,3419.680904187163,55.97
1641.677827026,3494.325641389409,55.98
1641.6780270259999,3398.41378153532,55.99
1641.6782270259998,3359.5456898945913,56.0
1641.678427026,3489.3248057896785,56.01
1641.678627026,3464.634374383394,56.02
1641.678827026,3436.1592701927652,56.03
1641.6790270259999,3525.3154758494543,56.04
1641.679227026,3456.271664291991,56.05
1641.679427026,3392.8245900328425,56.06
1641.679627026,3465.0788095309504,56.07
1641.6798270259999,3576.0568037566827,56.08
1641.6800270259998,3477.148571959467,56.09
1641.680227026,3418.660035360125,56.1
1641.680427026,3521.188747066247,56.11
1641.680627026,3544.4018704443442,56.12
1641.6808270259999,3479.6801566796794,56.13
1641.681027026,3410.5352328250947,56.14
1641.681227026,3612.494428369144,56.15
1641.681427026,3392.4183388958727,56.16
1641.681627026,3501.345209966043,56.17
1641.6818270259998,3559.312005995963,56.18
1641.682027026,3616.0449204828183,56.19
1641.682227026,3435.069995301121,56.2
1641.682427026,3412.287053082442,56.21
1641.6826270259999,3523.0381290541995,56.22
1641.682827026,3473.4469345649063,56.23
1641.683027026,3488.4860293366805,56.24
1641.683227026,3263.4630083764264,56.25
1641.683427026,3443.8858667350737,56.26
1641.6836270259998,3340.6377465590094,56.27
1641.683827026,3508.5417218330163,56.28
1641.684027026,3513.7335397532634,56.29
1641.684227026,3512.0802907697266,56.3
1641.6844270259999,3448.36529317706,56.31
1641.684627026,3443.914931468201,56.32
1641.684827026,3569.3343515561533,56.33
1641.685027026,3361.431551519438,56.34
1641.685227026,3375.306067602808,56.35
1641.6854270259998,3457.6315747516705,56.36
1641.685627026,3427.4563972025153,56.37
1641.685827026,3447.6840851804272,56.38
1641.686027026,3418.302507963795,56.39
1641.6862270259999,3554.253154502466,56.4
1641.686427026,3309.564788482327,56.41
1641.686627026,3556.431032171332,56.42
1641.686827026,3406.6060238901887,56.43
1641.687027026,3524.605047194547,56.44
1641.6872270259998,3314.463602181529,56.45
1641.687427026,3428.788290562626,56.46
1641.687627026,3448.4719833016566,56.47
1641.687827026,3423.7989299071774,56.48
1641.6880270259999,3344.401454481961,56.49
1641.688227026,3505.1493059202235,56.5
1641.688427026,3482.034513615454,56.51
1641.688627026,3359.094621835003,56.52
1641.688827026,3511.172344371595,56.53
1641.6890270259998,3526.165854097011,56.54
1641.689227026,3448.285344642153,56.55
1641.689427026,3471.313791721885,56.56
1641.689627026,3341.39118574201,56.57
1641.6898270259999,3534.6533179329026,56.58
1641.690027026,3479.582749293873,56.59
1641.690227026,3440.5579282626277,56.6
1641.690427026,3437.8266874183882,56.61
1641.690627026,3568.855543042802,56.62
1641.6908270259999,3587.628235477696,56.63
1641.691027026,3562.069279679467,56.64
1641.691227026,3426.6690618482107,56.65
1641.691427026,3452.6411396747853,56.66
1641.6916270259999,3469.8786841520027,56.67
1641.6918270259998,3423.01231079359,56.68
1641.692027026,3318.1347400877685,56.69
1641.692227026,3541.2957287638587,56.7
1641.692427026,3440.162705957506,56.71
1641.6926270259999,3423.940008152826,56.72
1641.692827026,3498.146017772137,56.73
1641.693027026,3467.518234420591,56.74
1641.693227026,3581.91569111048,56.75
1641.6934270259999,3510.0641736221505,56.76
1641.6936270259998,3516.6741985852836,56.77
1641.693827026,3401.6516016191395,56.78
1641.694027026,3390.808730582637,56.79
1641.694227026,3653.5139162658993,56.8
1641.6944270259999,3645.6684980929795,56.81
1641.694627026,3431.7048271357303,56.82
1641.694827026,3497.6660579110985,56.83
1641.695027026,3409.606169541876,56.84
1641.6952270259999,3449.2548634834307,56.85
1641.6954270259998,3567.8269050851395,56.86
1641.695627026,3484.8625923411064,56.87
1641.695827026,3493.3210309314063,56.88
1641.696027026,3493.2656291202875,56.89
1641.6962270259999,3518.4713922482256,56.9
1641.696427026,3523.953746013226,56.91
1641.696627026,3605.9524146164836,56.92
1641.696827026,3420.54772541144,56.93
1641.697027026,3449.3996606159326,56.94
1641.6972270259998,3407.1210396131864,56.95
1641.697427026,3607.6533351579624,56.96
1641.697627026,3584.1270153965224,56.97
1641.697827026,3456.462180678935,56.98
1641.6980270259999,3285.7769564387777,56.99
1641.698227026,3548.138427424723,57.0
1641.698427026,3476.7675336821117,57.01
1641.698627026,3384.5003590813094,57.02
1641.698827026,3510.683371697213,57.03
1641.6990270259998,3512.092466523219,57.04
1641.699227026,3384.07933555159,57.05
1641.699427026,3569.611005455013,57.06
1641.699627026,3592.3280011195748,57.07
1641.6998270259999,3594.885635841105,57.08
1641.700027026,3517.1495815492326,57.09
1641.700227026,3590.281839680652,57.1
1641.700427026,3428.0014505229797,57.11
1641.700627026,3409.8227849987265,57.12
1641.7008270259998,3508.5969397543313,57.13
1641.701027026,3623.9729092016696,57.14
1641.701227026,3564.593699912059,57.15
1641.701427026,3572.28809783009,57.16
1641.7016270259999,3434.880842597185,57.17
1641.701827026,3541.680183309166,57.18
1641.702027026,3677.6789521399064,57.19
1641.702227026,3720.8078645907635,57.2
1641.702427026,3609.893755836857,57.21
1641.7026270259998,3586.4294162726665,57.22
1641.702827026,3467.2445810390354,57.23
1641.703027026,3576.4119605390256,57.24
1641.703227026,3610.156816086377,57.25
1641.7034270259999,3429.8551229645427,57.26
1641.703627026,3482.471317321467,57.27
1641.703827026,3482.893276202881,57.28
1641.704027026,3515.1170316162843,57.29
1641.704227026,3422.0728986659924,57.3
1641.7044270259998,3426.3414704118113,57.31
1641.704627026,3501.562624148831,57.32
1641.704827026,3395.9759407780703,57.33
1641.705027026,3721.1543431845857,57.34
1641.7052270259999,3618.138771353907,57.35
1641.705427026,3686.272747826124,57.36
1641.705627026,3534.338536686083,57.37
1641.705827026,3566.5964347812533,57.38
1641.706027026,3496.550922680038,57.39
1641.7062270259999,3632.3207092459525,57.4
1641.706427026,3568.906640356245,57.41
1641.706627026,3598.6223920260004,57.42
1641.706827026,3481.8338822027004,57.43
1641.7070270259999,3570.1949896307365,57.44
1641.7072270259998,3584.4165011335645,57.45
1641.707427026,3507.735789656344,57.46
1641.707627026,3811.402298936251,57.47
1641.707827026,3576.2635833510285,57.48
1641.7080270259999,3621.236689568918,57.49
1641.708227026,3390.031324292751,57.5
1641.708427026,3540.998497578343,57.51
1641.708627026,3565.416692421825,57.52
1641.7088270259999,3578.0724803724906,57.53
1641.7090270259998,3702.367777673899,57.54
1641.709227026,3676.6368121391065,57.55
1641.709427026,3583.2503908181684,57.56
1641.709627026,3623.447682966695,57.57
1641.7098270259999,3582.3326907155893,57.58
1641.710027026,3738.621270013954,57.59
1641.710227026,3616.476864021417,57.6
1641.710427026,3671.798033760777,57.61
1641.7106270259999,3502.495708742236,57.62
1641.7108270259998,3592.6043715375677,57.63
1641.711027026,3635.4973545056837,57.64
1641.711227026,3694.9451654395325,57.65
1641.711427026,3620.504311331917,57.66
1641.7116270259999,3564.317017858697,57.67
1641.711827026,3601.7928698006535,57.68
1641.712027026,3441.0748020262645,57.69
1641.712227026,3561.99537072107,57.7
1641.712427026,3586.917462210372,57.71
1641.7126270259998,3613.3405571737453,57.72
1641.712827026,3639.577528348201,57.73
1641.713027026,3607.391460086169,57.74
1641.713227026,3581.9923756951184,57.75
1641.7134270259999,3717.180312192778,57.76
1641.713627026,3628.9343260034234,57.77
1641.713827026,3523.4242240575613,57.78
1641.714027026,3665.920749283162,57.79
1641.714227026,3576.456319556395,57.8
1641.7144270259998,3616.8883293678887,57.81
1641.714627026,3625.456977933814,57.82
1641.714827026,3554.1016140215424,57.83
1641.715027026,3560.8819613310698,57.84
1641.7152270259999,3619.834545108717,57.85
1641.715427026,3547.940954975126,57.86
1641.715627026,3511.5079885932983,57.87
1641.715827026,3680.4863866716464,57.88
1641.716027026,3556.0340397086043,57.89
1641.7162270259998,3702.7154657760448,57.9
1641.716427026,3581.114068698355,57.91
1641.716627026,3753.2246192995367,57.92
1641.716827026,3668.514882060803,57.93
1641.7170270259999,3555.9007120669326,57.94
1641.717227026,3607.934036896381,57.95
1641.717427026,3500.067556152739,57.96
1641.717627026,3400.6518616984094,57.97
1641.717827026,3598.857720491684,57.98
1641.7180270259998,3481.2294588720843,57.99
1641.718227026,3697.83717645621,58.0
1641.718427026,3509.2444276308524,58.01
1641.718627026,3490.2942004036927,58.02
1641.7188270259999,3813.7489955241076,58.03
1641.719027026,3621.2249280414817,58.04
1641.719227026,3623.154731762755,58.05
1641.719427026,3682.6392937379132,58.06
1641.719627026,3591.814055837021,58.07
1641.7198270259998,3704.085368977906,58.08
1641.720027026,3521.8286363834986,58.09
1641.720227026,3560.969026862022,58.1
1641.720427026,3685.6925760716604,58.11
1641.7206270259999,3509.78766730927,58.12
1641.720827026,3710.3756092994026,58.13
1641.721027026,3647.8814998851367,58.14
1641.721227026,3601.477000853943,58.15
1641.721427026,3690.8115344391963,58.16
1641.7216270259999,3506.272603913582,58.17
1641.721827026,3646.7727005118404,58.18
1641.722027026,3609.3693728971325,58.19
1641.722227026,3530.2967624052526,58.2
1641.7224270259999,3600.938274541837,58.21
1641.7226270259998,3589.3741614268565,58.22
1641.722827026,3691.3338166129274,58.23
1641.723027026,3549.824662663719,58.24
1641.723227026,3719.428487678422,58.25
1641.7234270259999,3549.53652070342,58.26
1641.723627026,3442.487993199249,58.27
1641.723827026,3701.4508484669786,58.28
1641.724027026,3730.9305684375386,58.29
1641.7242270259999,3697.799770223511,58.3
1641.7244270259998,3661.383724595285,58.31
1641.724627026,3637.4618964296506,58.32
1641.724827026,3779.5935950833145,58.33
1641.725027026,3654.5979526905744,58.34
1641.7252270259999,3733.152755220756,58.35
1641.725427026,3826.924664604017,58.36
1641.725627026,3637.439543546017,58.37
1641.725827026,3836.7016271976436,58.38
1641.7260270259999,3676.641244423221,58.39
1641.7262270259998,3536.032250037671,58.4
1641.726427026,3772.2263384629046,58.41
1641.726627026,3681.195530235272,58.42
1641.726827026,3598.6581344819983,58.43
1641.7270270259999,3587.6398887340188,58.44
1641.727227026,3615.3489888545473,58.45
1641.727427026,3574.451307713138,58.46
1641.727627026,3587.2121187989337,58.47
1641.7278270259999,3710.971421889929,58.48
1641.7280270259998,3775.56476962508,58.49
1641.728227026,3657.940525729647,58.5
1641.728427026,3691.145775688549,58.51
1641.728627026,3647.4088805902156,58.52
1641.7288270259999,3679.745291302862,58.53
1641.729027026,3728.274349873801,58.54
1641.729227026,3607.3985226886916,58.55
1641.729427026,3707.872399992066,58.56
1641.729627026,3570.203380507796,58.57
1641.7298270259998,3612.986663219671,58.58
1641.730027026,3655.0846433418105,58.59
1641.730227026,3694.1863824720617,58.6
1641.730427026,3713.4993384165587,58.61
1641.7306270259999,3711.271896946263,58.62
1641.730827026,3703.3948190182123,58.63
1641.731027026,3666.998342810664,58.64
1641.731227026,3703.6212607781317,58.65
1641.731427026,3640.9964025145036,58.66
1641.7316270259998,3579.318953660075,58.67
1641.731827026,3756.8452348573783,58.68
1641.732027026,3550.8591295969395,58.69
1641.732227026,3555.4665082039437,58.7
1641.7324270259999,3667.5308636907116,58.71
1641.732627026,3711.5362224944506,58.72
1641.732827026,3645.04869481034,58.73
1641.733027026,3765.7938519283193,58.74
1641.733227026,3624.124947459676,58.75
1641.7334270259998,3677.6212367546545,58.76
1641.733627026,3750.6201286762985,58.77
1641.733827026,3717.4576782272884,58.78
1641.734027026,3818.654770257763,58.79
1641.7342270259999,3731.9513197642705,58.8
1641.734427026,3715.6309965657038,58.81
1641.734627026,3682.654366259548,58.82
1641.734827026,3812.841115345459,58.83
1641.735027026,3680.7005846048223,58.84
1641.7352270259998,3823.064857783445,58.85
1641.735427026,3620.494286223939,58.86
1641.735627026,3726.9626502243896,58.87
1641.735827026,3769.0451550636535,58.88
1641.7360270259999,3570.573044098983,58.89
1641.736227026,3584.314791223337,58.9
1641.736427026,3920.642697826258,58.91
1641.736627026,3726.9111054992873,58.92
1641.736827026,3720.97363489969,58.93
1641.7370270259999,3623.609920474803,58.94
1641.737227026,3645.3761384649615,58.95
1641.737427026,3735.331078766424,58.96
1641.737627026,3633.6823651209797,58.97
1641.7378270259999,3616.881833580556,58.98
1641.7380270259998,3748.0191510206687,58.99
1641.738227026,3683.286840019929,59.0
1641.738427026,3570.046509397998,59.01
1641.738627026,3570.3140061430745,59.02
1641.7388270259999,3745.8735401514796,59.03
1641.739027026,3745.639971838392,59.04
1641.739227026,3862.026254116061,59.05
1641.739427026,3634.476408790605,59.06
1641.7396270259999,3736.0166624109597,59.07
1641.7398270259998,3654.643535545511,59.08
1641.740027026,3691.145700016466,59.09
1641.740227026,3733.0536970803637,59.1
1641.740427026,3675.5829428136726,59.11
1641.7406270259999,3812.6199158965833,59.12
1641.740827026,3705.7421666159958,59.13
1641.741027026,3734.0342790792265,59.14
1641.741227026,3637.017273199141,59.15
1641.7414270259999,3572.315572638643,59.16
1641.7416270259998,3788.1010120921414,59.17
1641.741827026,3701.3317769772007,59.18
1641.742027026,3727.3865986509877,59.19
1641.742227026,3654.2426250711146,59.2
1641.7424270259999,3821.218892447591,59.21
1641.742627026,3631.422865129776,59.22
1641.742827026,3756.2391629475196,59.23
1641.743027026,3744.16158646462,59.24
1641.7432270259999,3711.9211763853086,59.25
1641.7434270259998,3778.5332848349317,59.26
1641.743627026,3531.706309636362,59.27
1641.743827026,3679.1075683679737,59.28
1641.744027026,3689.695286910301,59.29
1641.7442270259999,3656.3669712546343,59.3
1641.744427026,3681.882150135295,59.31
1641.744627026,3789.5016265037043,59.32
1641.744827026,3683.5927221714996,59.33
1641.745027026,3828.8690235381328,59.34
1641.7452270259998,3710.3770592460282,59.35
1641.745427026,3818.4467515139404,59.36
1641.745627026,3677.3890664983924,59.37
1641.745827026,3759.7133762019866,59.38
1641.7460270259999,3803.0356612073074,59.39
1641.746227026,3793.5166394454645,59.4
1641.746427026,3639.2854575639267,59.41
1641.746627026,3732.215271690065,59.42
1641.746827026,3667.8476596336845,59.43
1641.7470270259998,3739.718689906604,59.44
1641.747227026,3854.4525964630902,59.45
1641.747427026,3708.0091994033146,59.46
1641.747627026,3732.3680111547437,59.47
1641.7478270259999,3774.9306249705737,59.48
1641.748027026,3711.685559711667,59.49
1641.748227026,3809.330754292542,59.5
1641.748427026,3747.57981951825,59.51
1641.748627026,3718.09075950344,59.52
1641.7488270259998,3749.193514107501,59.53
1641.749027026,3660.8383212506524,59.54
1641.749227026,3848.8350219346044,59.55
1641.749427026,3836.7268112069373,59.56
1641.7496270259999,3651.1741429390568,59.57
1641.749827026,3713.5536463697617,59.58
1641.750027026,3909.0051662079572,59.59
1641.750227026,3720.627036594919,59.6
1641.750427026,3884.112045640451,59.61
1641.7506270259998,3667.346589618009,59.62
1641.750827026,3931.854115659587,59.63
1641.751027026,3773.7398314251477,59.64
1641.751227026,3929.022624022238,59.65
1641.7514270259999,3741.449112138856,59.66
1641.751627026,3814.2563164393487,59.67
1641.751827026,3633.546679511727,59.68
1641.752027026,3906.756927012239,59.69
1641.752227026,3803.171345857604,59.7
1641.7524270259999,3728.544664683111,59.71
1641.752627026,3711.1373033281675,59.72
1641.752827026,3882.6101392616074,59.73
1641.753027026,3681.062334926805,59.74
1641.7532270259999,3819.2654477873325,59.75
1641.753427026,3684.006416647813,59.76
1641.753627026,3743.6142948555776,59.77
1641.753827026,3757.7853674198227,59.78
1641.754027026,3790.9181888984695,59.79
1641.7542270259999,3875.6672941102493,59.8
1641.754427026,3779.0227821818403,59.81
1641.754627026,3833.5972022273054,59.82
1641.754827026,3778.1317898421457,59.83
1641.7550270259999,3767.77435544487,59.84
1641.7552270259998,3745.600369034465,59.85
1641.755427026,3713.1053560646346,59.86
1641.755627026,3833.1199467555393,59.87
1641.755827026,3798.2449891103197,59.88
1641.7560270259999,3778.2051801270654,59.89
1641.756227026,3952.8873744827883,59.9
1641.756427026,3778.7736541354034,59.91
1641.756627026,3708.9261829307334,59.92
1641.7568270259999,3801.0653237315696,59.93
1641.7570270259998,3764.631185643439,59.94
1641.757227026,3829.2860400187337,59.95
1641.757427026,3842.4949226396247,59.96
1641.757627026,3794.4784066063944,59.97
1641.7578270259999,3829.293296678363,59.98
1641.758027026,3802.7570917569237,59.99
1641.758227026,3850.6694772497517,60.0
1641.758427026,3807.4637538754114,60.01
1641.7586270259999,3859.3116206477043,60.02
1641.7588270259998,3853.7787117275902,60.03
1641.759027026,3650.741106830621,60.04
1641.759227026,3672.054108275415,60.05
1641.759427026,3729.1151260333527,60.06
1641.7596270259999,3701.7621577597324,60.07
1641.759827026,3483.345063334178,60.08
1641.760027026,3710.104795977192,60.09
1641.760227026,3776.1345023686113,60.1
1641.760427026,3758.248621930062,60.11
1641.7606270259998,3725.137251087021,60.12
1641.760827026,3725.5448987550144,60.13
1641.761027026,3868.3811453423173,60.14
1641.761227026,3750.32422976033,60.15
1641.7614270259999,3782.791892125719,60.16
1641.761627026,3638.7032545022744,60.17
1641.761827026,3775.965582610976,60.18
1641.762027026,3781.1166490559353,60.19
1641.762227026,3809.539961438769,60.2
1641.7624270259998,3820.7715114971825,60.21
1641.762627026,3859.626162181631,60.22
1641.762827026,3854.741363050705,60.23
1641.763027026,3653.5869902798313,60.24
1641.7632270259999,3813.5917270637447,60.25
1641.763427026,3916.1964932825517,60.26
1641.763627026,3693.070526655996,60.27
1641.763827026,3693.464485998909,60.28
1641.764027026,3648.3748600579797,60.29
1641.7642270259998,3677.1658693332856,60.3
1641.764427026,3763.0086712730554,60.31
1641.764627026,3681.191175192714,60.32
1641.764827026,3690.4652713418063,60.33
1641.7650270259999,3740.7213184768743,60.34
1641.765227026,3810.9046300938817,60.35
1641.765427026,3695.4848699909394,60.36
1641.765627026,3652.835999129817,60.37
1641.765827026,3836.2665928136676,60.38
1641.7660270259998,3824.1027291080754,60.39
1641.766227026,3794.090588000708,60.4
1641.766427026,3791.876452782724,60.41
1641.766627026,3789.960977572802,60.42
1641.7668270259999,3837.634260075437,60.43
1641.767027026,3957.280824396,60.44
1641.767227026,3702.35118170458,60.45
1641.767427026,3621.4347501645475,60.46
1641.767627026,3828.9209663725196,60.47
1641.7678270259998,3750.5239560820196,60.48
1641.768027026,3765.840629549212,60.49
1641.768227026,3801.0540050251075,60.5
1641.768427026,3634.867604821401,60.51
1641.7686270259999,3822.394733199683,60.52
1641.768827026,3607.094479535829,60.53
1641.769027026,3587.3192266339165,60.54
1641.769227026,3802.0463673864506,60.55
1641.769427026,3825.599488889316,60.56
1641.7696270259999,3742.0297783071073,60.57
1641.769827026,3767.180353020718,60.58
1641.770027026,3734.590911626182,60.59
1641.770227026,3887.9163161645192,60.6
1641.7704270259999,3602.889279527387,60.61
1641.7706270259998,3764.9250636106763,60.62
1641.770827026,3702.919380500933,60.63
1641.771027026,3783.135803002055,60.64
1641.771227026,3798.741126321079,60.65
1641.7714270259999,3895.024050841622,60.66
1641.771627026,3788.750015637444,60.67
1641.771827026,3697.3061855911083,60.68
1641.772027026,3700.876466740405,60.69
1641.7722270259999,3807.3145908296674,60.7
1641.7724270259998,3611.2071385854165,60.71
1641.772627026,3738.150470979215,60.72
1641.772827026,3698.938187837187,60.73
1641.773027026,3745.7805058500185,60.74
1641.7732270259999,3781.564577223663,60.75
1641.773427026,3746.2592601651504,60.76
1641.773627026,3787.579434626834,60.77
1641.773827026,3604.1146385932993,60.78
1641.7740270259999,3721.350799043442,60.79
1641.7742270259998,3841.6531508884236,60.8
1641.774427026,3913.16510145527,60.81
1641.774627026,3699.22687257622,60.82
1641.774827026,3608.167705713501,60.83
1641.7750270259999,3820.477572602277,60.84
1641.775227026,3876.773979571786,60.85
1641.775427026,3684.732093670171,60.86
1641.775627026,3693.7895878858444,60.87
1641.775827026,3829.145219114754,60.88
1641.7760270259998,3721.377328038025,60.89
1641.776227026,3689.4861063792173,60.9
1641.776427026,3655.702053327635,60.91
1641.776627026,3695.011069011053,60.92
1641.7768270259999,3638.313293744853,60.93
1641.777027026,3709.577326236932,60.94
1641.777227026,3736.0203398600265,60.95
1641.777427026,3623.9619755289273,60.96
1641.777627026,3604.772889189009,60.97
1641.7778270259998,3749.889248157873,60.98
1641.778027026,3753.85175207391,60.99
1641.778227026,3601.3870897154798,61.0
1641.778427026,3785.1990098482725,61.01
1641.7786270259999,3766.9819417566755,61.02
1641.778827026,3674.561442769471,61.03
1641.779027026,3831.8400243356045,61.04
1641.779227026,3694.1504360157232,61.05
1641.779427026,3765.696994716035,61.06
1641.7796270259998,3661.8147540790137,61.07
1641.779827026,3754.392333510476,61.08
1641.780027026,3794.7009690052423,61.09
1641.780227026,3714.957767225507,61.1
1641.7804270259999,3596.9293625028467,61.11
1641.780627026,3609.6333426988,61.12
1641.780827026,3705.221986953369,61.13
1641.781027026,3750.194422214708,61.14
1641.781227026,3776.073573663744,61.15
1641.7814270259998,3602.6456950237343,61.16
1641.781627026,3744.8489120538306,61.17
1641.781827026,3554.9626620948643,61.18
1641.782027026,3570.24456106507,61.19
1641.7822270259999,3629.02144324357,61.2
1641.782427026,3679.423113934325,61.21
1641.782627026,3722.7351774662498,61.22
1641.782827026,3667.0161061143945,61.23
1641.783027026,3750.2976244318793,61.24
1641.7832270259998,3776.9001112201045,61.25
1641.783427026,3496.820577281364,61.26
1641.783627026,3615.770778817114,61.27
1641.783827026,3774.4164321686744,61.28
1641.7840270259999,3478.0621798210323,61.29
1641.784227026,3739.1733785328383,61.3
1641.784427026,3698.532874577292,61.31
1641.784627026,3617.939699503439,61.32
1641.784827026,3814.5709396751563,61.33
1641.7850270259999,3607.3653326767894,61.34
1641.785227026,3598.033633854109,61.35
1641.785427026,3732.700385226024,61.36
1641.785627026,3667.722021440799,61.37
1641.7858270259999,3752.1709655395584,61.38
1641.7860270259998,3591.8313042306554,61.39
1641.786227026,3641.8745892798242,61.4
1641.786427026,3719.6829057411856,61.41
1641.786627026,3720.605584426688,61.42
1641.7868270259999,3638.3094237392565,61.43
1641.787027026,3562.8080818141984,61.44
1641.787227026,3677.0190883809923,61.45
1641.787427026,3629.241309505909,61.46
1641.7876270259999,3608.3831842375607,61.47
1641.7878270259998,3668.863730582055,61.48
1641.788027026,3737.869955425715,61.49
1641.788227026,3775.0089846381243,61.5
1641.788427026,3572.589490844111,61.51
1641.7886270259999,3813.8731124038354,61.52
1641.788827026,3530.6810657714814,61.53
1641.789027026,3605.4773004089616,61.54
1641.789227026,3603.8136636047084,61.55
1641.7894270259999,3507.7586435161716,61.56
1641.7896270259998,3657.5408596822913,61.57
1641.789827026,3631.6475968464433,61.58
1641.790027026,3625.895822702237,61.59
1641.790227026,3669.833601328029,61.6
1641.7904270259999,3566.696554387421,61.61
1641.790627026,3696.7160625811225,61.62
1641.790827026,3679.7906808659104,61.63
1641.791027026,3685.992214654418,61.64
1641.791227026,3669.7856664565606,61.65
1641.7914270259998,3546.1823196896325,61.66
1641.791627026,3703.9300903936155,61.67
1641.791827026,3648.635718542072,61.68
1641.792027026,3609.0795548529104,61.69
1641.7922270259999,3578.594524821819,61.7
1641.792427026,3729.236007173374,61.71
1641.792627026,3652.1725887436382,61.72
1641.792827026,3609.051611202073,61.73
1641.793027026,3657.6983533672187,61.74
1641.7932270259998,3579.1664790802656,61.75
1641.793427026,3618.4504870446585,61.76
1641.793627026,3665.5311904837513,61.77
1641.793827026,3541.334926042843,61.78
1641.7940270259999,3748.896068102364,61.79
1641.794227026,3590.307362331445,61.8
1641.794427026,3743.1348333392352,61.81
1641.794627026,3603.953004658477,61.82
1641.794827026,3660.128457528419,61.83
1641.7950270259998,3677.0300541223214,61.84
1641.795227026,3665.9136933307414,61.85
1641.795427026,3590.5258689320417,61.86
1641.795627026,3671.812685121963,61.87
1641.7958270259999,3702.7234147942313,61.88
1641.796027026,3688.0741045010877,61.89
1641.796227026,3569.3305225569693,61.9
1641.796427026,3654.872942960414,61.91
1641.796627026,3640.114124640084,61.92
1641.7968270259998,3567.619150965069,61.93
1641.797027026,3632.5196682249616,61.94
1641.797227026,3641.0135136240765,61.95
1641.797427026,3695.5731893286147,61.96
1641.7976270259999,3687.456290121865,61.97
1641.797827026,3616.302284033111,61.98
1641.798027026,3447.56857433588,61.99
1641.798227026,3626.4713807693443,62.0
1641.798427026,3793.1991236702456,62.01
1641.7986270259998,3666.142029553904,62.02
1641.798827026,3693.8887187459904,62.03
1641.799027026,3654.886191235234,62.04
1641.799227026,3671.615845956448,62.05
1641.7994270259999,3524.051458555124,62.06
1641.799627026,3574.124132765067,62.07
1641.799827026,3580.6578417584137,62.08
1641.800027026,3494.07567254426,62.09
1641.800227026,3576.639997016127,62.1
1641.8004270259999,3730.2498827207237,62.11
1641.800627026,3615.567725915158,62.12
1641.800827026,3578.541635457026,62.13
1641.801027026,3544.754306370996,62.14
1641.8012270259999,3644.397162172702,62.15
1641.8014270259998,3774.4521365656847,62.16
1641.801627026,3515.2836472668127,62.17
1641.801827026,3761.680546298828,62.18
1641.802027026,3585.3071703829164,62.19
1641.8022270259999,3482.1184344580083,62.2
1641.802427026,3637.8052324554105,62.21
1641.802627026,3620.49192495614,62.22
1641.802827026,3484.187011011492,62.23
1641.8030270259999,3680.4973656091365,62.24
1641.8032270259998,3618.992531238533,62.25
1641.803427026,3582.276414413505,62.26
1641.803627026,3487.537955693354,62.27
1641.803827026,3496.662273929219,62.28
1641.8040270259999,3569.898409935268,62.29
1641.804227026,3535.663893936183,62.3
1641.804427026,3760.2158276845325,62.31
1641.804627026,3421.8879383846543,62.32
1641.8048270259999,3525.1796352272613,62.33
1641.8050270259998,3671.48151306188,62.34
1641.805227026,3601.3343100419493,62.35
1641.805427026,3513.0606338029147,62.36
1641.805627026,3506.233601467212,62.37
1641.8058270259999,3737.1090447245606,62.38
1641.806027026,3545.401668170518,62.39
1641.806227026,3500.63058307788,62.4
1641.806427026,3635.1559348529295,62.41
1641.806627026,3477.0011949216487,62.42
1641.8068270259998,3665.898872099093,62.43
1641.807027026,3540.7839213111206,62.44
1641.807227026,3552.701883317452,62.45
1641.807427026,3576.7061185984335,62.46
1641.8076270259999,3484.4549489779392,62.47
1641.807827026,3601.401871819944,62.48
1641.808027026,3519.6119554563747,62.49
1641.808227026,3594.842218162735,62.5
1641.808427026,3456.317206322732,62.51
1641.8086270259998,3553.2962998678154,62.52
1641.808827026,3556.649075680386,62.53
1641.809027026,3615.756668976122,62.54
1641.809227026,3465.087151359708,62.55
1641.8094270259999,3574.35913137624,62.56
1641.809627026,3586.6024888205557,62.57
1641.809827026,3550.889654137881,62.58
1641.810027026,3579.1926122654354,62.59
1641.810227026,3630.611941846923,62.6
1641.8104270259998,3574.2193246143916,62.61
1641.810627026,3610.1324545448438,62.62
1641.810827026,3682.6146991572346,62.63
1641.811027026,3499.1431097603795,62.64
1641.8112270259999,3594.89912762128,62.65
1641.811427026,3650.646911900028,62.66
1641.811627026,3578.205476253524,62.67
1641.811827026,3564.742785461501,62.68
1641.812027026,3433.090983802488,62.69
1641.8122270259998,3462.5651867070164,62.7
1641.812427026,3439.335518984119,62.71
1641.812627026,3603.8950062364006,62.72
1641.812827026,3561.6422920343525,62.73
1641.8130270259999,3410.2183655467534,62.74
1641.813227026,3611.2402014170857,62.75
1641.813427026,3587.011279388651,62.76
1641.813627026,3514.6407020805837,62.77
1641.813827026,3575.9561445632776,62.78
1641.8140270259998,3603.95352559752,62.79
1641.814227026,3498.9581701156726,62.8
1641.814427026,3646.329714593665,62.81
1641.814627026,3566.556321033426,62.82
1641.8148270259999,3648.5645714287966,62.83
1641.815027026,3555.336851720513,62.84
1641.815227026,3380.818934326416,62.85
1641.815427026,3641.371077801344,62.86
1641.815627026,3577.149887140277,62.87
1641.8158270259999,3655.835299528418,62.88
1641.816027026,3585.113650911527,62.89
1641.816227026,3566.5078109107626,62.9
1641.816427026,3511.1869358273075,62.91
1641.8166270259999,3522.302890062638,62.92
1641.8168270259998,3617.462668652383,62.93
1641.817027026,3436.3333374732792,62.94
1641.817227026,3623.179279620052,62.95
1641.817427026,3426.0820963484925,62.96
1641.8176270259999,3483.4224176898224,62.97
1641.817827026,3537.533554849587,62.98
1641.818027026,3632.076954508071,62.99
1641.818227026,3586.3777384105974,63.0
1641.8184270259999,3583.2218064156905,63.01
1641.8186270259998,3466.74739006835,63.02
1641.818827026,3620.86316484089,63.03
1641.819027026,3525.5310655170106,63.04
1641.819227026,3345.6260549323115,63.05
1641.8194270259999,3617.4299088812854,63.06
1641.819627026,3514.168981760686,63.07
1641.819827026,3404.3265350063434,63.08
1641.820027026,3422.2562584724506,63.09
1641.8202270259999,3430.112881324563,63.1
1641.8204270259998,3523.4402847861434,63.11
1641.820627026,3429.993989610694,63.12
1641.820827026,3523.025139976036,63.13
1641.821027026,3438.6612325441097,63.14
1641.8212270259999,3411.431906211568,63.15
1641.821427026,3506.5141730238233,63.16
1641.821627026,3483.4499170669296,63.17
1641.821827026,3551.1804176254786,63.18
1641.822027026,3481.8500664487706,63.19
1641.8222270259998,3694.8750234839263,63.2
1641.822427026,3443.206867252449,63.21
1641.822627026,3547.6158739655048,63.22
1641.822827026,3437.784282903767,63.23
1641.8230270259999,3431.5460299656925,63.24
1641.823227026,3498.909263171026,63.25
1641.823427026,3369.4393246299605,63.26
1641.823627026,3460.883986051076,63.27
1641.823827026,3300.461971007908,63.28
1641.8240270259998,3559.937599895255,63.29
1641.824227026,3413.2119136558954,63.3
1641.824427026,3544.062835913836,63.31
1641.824627026,3516.432915583933,63.32
1641.8248270259999,3626.7382185069855,63.33
1641.825027026,3398.8299626902844,63.34
1641.825227026,3494.042670426861,63.35
1641.825427026,3418.9899345812596,63.36
1641.825627026,3278.3681146489293,63.37
1641.8258270259998,3459.700856470904,63.38
1641.826027026,3553.3725727534948,63.39
1641.826227026,3280.220114476286,63.4
1641.826427026,3584.5890249278254,63.41
1641.8266270259999,3468.3206313346145,63.42
1641.826827026,3454.795594493544,63.43
1641.827027026,3540.209664215372,63.44
1641.827227026,3525.9872284438725,63.45
1641.827427026,3477.947113220241,63.46
1641.8276270259998,3519.0376137255475,63.47
1641.827827026,3497.0605345716854,63.48
1641.828027026,3468.3398339763407,63.49
1641.828227026,3377.707017211832,63.5
1641.8284270259999,3463.085521280392,63.51
1641.828627026,3391.540906597457,63.52
1641.828827026,3548.4904254412195,63.53
1641.829027026,3359.200905282308,63.54
1641.829227026,3453.959704654701,63.55
1641.8294270259998,3473.3573165334014,63.56
1641.829627026,3432.338675152245,63.57
1641.829827026,3520.3463269228755,63.58
1641.830027026,3485.4425670793744,63.59
1641.8302270259999,3393.5422704174994,63.6
1641.830427026,3407.444427363539,63.61
1641.830627026,3507.4396877879353,63.62
1641.830827026,3610.710553656209,63.63
1641.831027026,3524.323461473807,63.64
1641.8312270259999,3321.634958826117,63.65
1641.831427026,3258.9734341075387,63.66
1641.831627026,3594.31607385773,63.67
1641.831827026,3527.110178685175,63.68
1641.8320270259999,3608.588517774817,63.69
1641.8322270259998,3449.991333831965,63.7
1641.832427026,3504.7433773977436,63.71
1641.832627026,3574.5100847160247,63.72
1641.832827026,3442.652016010131,63.73
1641.8330270259999,3543.124541998943,63.74
1641.833227026,3277.691416865956,63.75
1641.833427026,3426.9456342884932,63.76
1641.833627026,3377.9562868951516,63.77
1641.8338270259999,3402.788630728192,63.78
1641.8340270259998,3534.836774481513,63.79
1641.834227026,3494.6362400829707,63.8
1641.834427026,3515.811088130974,63.81
1641.834627026,3410.7748105205833,63.82
1641.8348270259999,3485.876954681134,63.83
1641.835027026,3492.122684268037,63.84
1641.835227026,3423.757185807232,63.85
1641.835427026,3450.346180400251,63.86
1641.8356270259999,3574.3554485671734,63.87
1641.8358270259998,3494.585541598298,63.88
1641.836027026,3460.7701861443857,63.89
1641.836227026,3473.7507567669995,63.9
1641.836427026,3501.0727982271537,63.91
1641.8366270259999,3467.8412354894,63.92
1641.836827026,3413.3097906284083,63.93
1641.837027026,3430.69978056385,63.94
1641.837227026,3432.3469855870962,63.95
1641.837427026,3450.074780006237,63.96
1641.8376270259998,3359.1833478514363,63.97
1641.837827026,3470.909940329007,63.98
1641.838027026,3380.49861681919,63.99
1641.838227026,3471.685281451883,64.0
1641.8384270259999,3468.817235249233,64.01
1641.838627026,3556.4491380850263,64.02
1641.838827026,3463.7288355462574,64.03
1641.839027026,3566.225727727417,64.04
1641.839227026,3592.5590457743156,64.05
1641.8394270259998,3521.384300773561,64.06
1641.839627026,3566.7879523498027,64.07
1641.839827026,3315.5641423792267,64.08
1641.840027026,3363.8184866182655,64.09
1641.8402270259999,3415.458383510174,64.1
1641.840427026,3265.2226559268665,64.11
1641.840627026,3546.8994130810675,64.12
1641.840827026,3481.871775688174,64.13
1641.841027026,3463.4427683217004,64.14
1641.8412270259998,3226.183665910569,64.15
1641.841427026,3468.1250443095223,64.16
1641.841627026,3334.518388113246,64.17
1641.841827026,3453.6915886395605,64.18
1641.8420270259999,3276.623923261824,64.19
1641.842227026,3372.9143439243862,64.2
1641.842427026,3492.637542005093,64.21
1641.842627026,3517.0113903921683,64.22
1641.842827026,3458.063266864033,64.23
1641.8430270259998,3554.8608362777804,64.24
1641.843227026,3402.2013628904715,64.25
1641.843427026,3497.0360224428578,64.26
1641.843627026,3427.3644173256234,64.27
1641.8438270259999,3464.4757364743896,64.28
1641.844027026,3462.97576811005,64.29
1641.844227026,3384.282839939203,64.3
1641.844427026,3443.448267884871,64.31
1641.844627026,3495.607414369613,64.32
1641.8448270259998,3356.273683815882,64.33
1641.845027026,3382.1123014662053,64.34
1641.845227026,3341.2665306304366,64.35
1641.845427026,3339.053268039586,64.36
1641.8456270259999,3413.8279446911893,64.37
1641.845827026,3456.6044292128236,64.38
1641.846027026,3555.9120580154304,64.39
1641.846227026,3435.0175396659397,64.4
1641.846427026,3402.515578214071,64.41
1641.8466270259999,3299.8638625080143,64.42
1641.846827026,3458.573408500202,64.43
1641.847027026,3482.1700935576664,64.44
1641.847227026,3380.451451230846,64.45
1641.8474270259999,3433.6094189680502,64.46
1641.8476270259998,3424.638583174944,64.47
1641.847827026,3570.2302818253343,64.48
1641.848027026,3480.8833650789034,64.49
1641.848227026,3274.640540697542,64.5
1641.8484270259999,3424.820865946521,64.51
1641.848627026,3415.3686731934968,64.52
1641.848827026,3248.931144010995,64.53
1641.849027026,3381.430669633132,64.54
1641.8492270259999,3373.1542154124863,64.55
1641.8494270259998,3336.501794505199,64.56
1641.849627026,3468.6091497714096,64.57
1641.849827026,3363.4307643630173,64.58
1641.850027026,3400.0578932039098,64.59
1641.8502270259999,3381.6646244950034,64.6
1641.850427026,3449.8078463832285,64.61
1641.850627026,3426.270830803105,64.62
1641.850827026,3362.896294034245,64.63
1641.8510270259999,3430.4796658472173,64.64
1641.8512270259998,3364.8952447390247,64.65
1641.851427026,3369.1151714806206,64.66
1641.851627026,3330.0805789637416,64.67
1641.851827026,3348.742342211859,64.68
1641.8520270259999,3423.2455018625014,64.69
1641.852227026,3298.5703798736977,64.7
1641.852427026,3405.5977867133256,64.71
1641.852627026,3391.933245278928,64.72
1641.8528270259999,3376.797708303776,64.73
1641.8530270259998,3357.747114207388,64.74
1641.853227026,3462.9323169308586,64.75
1641.853427026,3366.157174931496,64.76
1641.853627026,3394.4013043979717,64.77
1641.8538270259999,3407.9573844804186,64.78
1641.854027026,3427.75294640103,64.79
1641.854227026,3463.118547923823,64.8
1641.854427026,3392.0116557135816,64.81
1641.854627026,3304.321144949842,64.82
1641.8548270259998,3315.264780195981,64.83
1641.855027026,3260.933794356844,64.84
1641.855227026,3407.7906627385846,64.85
1641.855427026,3406.095293632879,64.86
1641.8556270259999,3309.9862642533567,64.87
1641.855827026,3173.5878599421244,64.88
1641.856027026,3323.975948301754,64.89
1641.856227026,3231.4316606111433,64.9
1641.856427026,3321.913296138669,64.91
1641.8566270259998,3488.8327204680922,64.92
1641.856827026,3435.9489754945203,64.93
1641.857027026,3396.1393688647795,64.94
1641.857227026,3490.554848636754,64.95
1641.8574270259999,3142.49054089539,64.96
1641.857627026,3337.8667450400785,64.97
1641.857827026,3472.951974748363,64.98
1641.858027026,3367.7936918433124,64.99
1641.858227026,3332.0608484685235,65.0
1641.8584270259998,3448.5688341471387,65.01
1641.858627026,3192.82872129073,65.02
1641.858827026,3260.5139314664416,65.03
1641.859027026,3477.460786140012,65.04
1641.8592270259999,3320.8115522098087,65.05
1641.859427026,3359.4340289642687,65.06
1641.859627026,3425.3541032691414,65.07
1641.859827026,3150.220872700331,65.08
1641.860027026,3354.5554485260514,65.09
1641.8602270259998,3356.0353689656445,65.1
1641.860427026,3317.980121950855,65.11
1641.860627026,3287.5227703032947,65.12
1641.860827026,3344.4576521057015,65.13
1641.8610270259999,3256.7181167518333,65.14
1641.861227026,3333.7945768490463,65.15
1641.861427026,3310.6751107785963,65.16
1641.861627026,3361.7046546917622,65.17
1641.861827026,3367.961922695068,65.18
1641.8620270259999,3186.8601969089177,65.19
1641.862227026,3392.614195131558,65.2
1641.862427026,3301.6112682128023,65.21
1641.862627026,3192.2632577234203,65.22
1641.8628270259999,3225.581106774107,65.23
1641.8630270259998,3338.214867478394,65.24
1641.863227026,3317.8447506023094,65.25
1641.863427026,3287.505362935199,65.26
1641.863627026,3411.122325894149,65.27
1641.8638270259999,3272.4138314332727,65.28
1641.864027026,3285.849079365599,65.29
1641.864227026,3187.0052584775344,65.3
1641.864427026,3441.7854885300367,65.31
1641.8646270259999,3321.254538454038,65.32
1641.8648270259998,3351.3135072486966,65.33
1641.865027026,3328.945454970057,65.34
1641.865227026,3319.845476541005,65.35
1641.865427026,3243.008970866213,65.36
1641.8656270259999,3323.8766795631345,65.37
1641.865827026,3483.3108995679036,65.38
1641.866027026,3390.586797158583,65.39
1641.866227026,3318.678273130589,65.4
1641.8664270259999,3292.840227303279,65.41
1641.8666270259998,3411.280236223296,65.42
1641.866827026,3341.5654697007735,65.43
1641.867027026,3247.3029438364397,65.44
1641.867227026,3431.08698448638,65.45
1641.8674270259999,3477.803320059932,65.46
1641.867627026,3359.364354763893,65.47
1641.867827026,3153.597550190785,65.48
1641.868027026,3155.5038592418396,65.49
1641.8682270259999,3185.526644047743,65.5
1641.8684270259998,3367.781342445699,65.51
1641.868627026,3229.8939005486336,65.52
1641.868827026,3396.178715048473,65.53
1641.869027026,3322.315601932206,65.54
1641.8692270259999,3239.364858424014,65.55
1641.869427026,3189.3418456888758,65.56
1641.869627026,3480.4088840475056,65.57
1641.869827026,3353.9857137534405,65.58
1641.870027026,3242.58761279019,65.59
1641.8702270259998,3338.1733528345667,65.6
1641.870427026,3330.0092566992353,65.61
1641.870627026,3222.4488025661753,65.62
1641.870827026,3217.716071054171,65.63
1641.8710270259999,3354.523854811564,65.64
1641.871227026,3220.503483301407,65.65
1641.871427026,3265.3302379132424,65.66
1641.871627026,3166.5249184478444,65.67
1641.871827026,3324.176281989166,65.68
1641.8720270259998,3215.0007484001544,65.69
1641.872227026,3241.152891349432,65.7
1641.872427026,3198.1607510648014,65.71
1641.872627026,3073.781478493694,65.72
1641.8728270259999,3334.151391631724,65.73
1641.873027026,3353.4265472727416,65.74
1641.873227026,3318.412882707799,65.75
1641.873427026,3350.7885304888973,65.76
1641.873627026,3179.2757860211677,65.77
1641.8738270259998,3297.3785182214187,65.78
1641.874027026,3387.072119652627,65.79
1641.874227026,3291.2975244956147,65.8
1641.874427026,3260.769227483803,65.81
1641.8746270259999,3331.9815873364255,65.82
1641.874827026,3320.191039304357,65.83
1641.875027026,3232.702768966913,65.84
1641.875227026,3352.433909872825,65.85
1641.875427026,3240.577697524697,65.86
1641.8756270259998,3378.7641337798264,65.87
1641.875827026,3348.9038279386045,65.88
1641.876027026,3304.375649542788,65.89
1641.876227026,3264.901245064661,65.9
1641.8764270259999,3216.2817175004598,65.91
1641.876627026,3323.538145045876,65.92
1641.876827026,3184.688607064716,65.93
1641.877027026,3174.1311318322614,65.94
1641.877227026,3304.6633870658516,65.95
1641.8774270259999,3292.8325341536433,65.96
1641.877627026,3298.7025083833514,65.97
1641.877827026,3276.0999113013168,65.98
1641.878027026,3437.0303863675317,65.99
1641.8782270259999,3331.7803991948554,66.0
1641.878427026,3255.858988555301,66.01
1641.878627026,3399.6022460684594,66.02
1641.878827026,3416.902428344347,66.03
1641.879027026,3195.7708176483143,66.04
1641.8792270259999,3286.9778516264437,66.05
1641.879427026,3293.9479908503963,66.06
1641.879627026,3152.505138547328,66.07
1641.879827026,3231.565025472991,66.08
1641.8800270259999,3101.5556257464496,66.09
1641.8802270259998,3129.2461718315913,66.1
1641.880427026,3246.777345437798,66.11
1641.880627026,3312.5320448989073,66.12
1641.880827026,3220.102387973332,66.13
1641.8810270259999,3342.657715257682,66.14
1641.881227026,3184.1679356739983,66.15
1641.881427026,3109.9360978085065,66.16
1641.881627026,3131.581149675978,66.17
1641.8818270259999,3286.3165544917747,66.18
1641.8820270259998,3248.498329863831,66.19
1641.882227026,3344.304748734025,66.2
1641.882427026,3204.214595244488,66.21
1641.882627026,3270.030294300872,66.22
1641.8828270259999,3436.061002385248,66.23
1641.883027026,3320.1321447393198,66.24
1641.883227026,3294.9664789986305,66.25
1641.883427026,3170.6960722571243,66.26
1641.8836270259999,3213.832575752441,66.27
1641.8838270259998,3218.583827046894,66.28
1641.884027026,3217.4369188146447,66.29
1641.884227026,3205.052231667967,66.3
1641.884427026,3224.2300836522763,66.31
1641.8846270259999,3223.597530873502,66.32
1641.884827026,3159.878933022833,66.33
1641.885027026,3305.305759897694,66.34
1641.885227026,3208.4383551432793,66.35
1641.885427026,3239.9549537093653,66.36
1641.8856270259998,3348.4625271934733,66.37
1641.885827026,3311.903848444726,66.38
1641.886027026,3268.0118657162684,66.39
1641.886227026,3160.962229903805,66.4
1641.8864270259999,3314.7632873316793,66.41
1641.886627026,3276.946526119312,66.42
1641.886827026,3247.407589827194,66.43
1641.887027026,3258.5459734312735,66.44
1641.887227026,3346.0196499137073,66.45
1641.8874270259998,3207.4792418086017,66.46
1641.887627026,3211.967449075734,66.47
1641.887827026,3345.849114916227,66.48
1641.888027026,3135.8418802116003,66.49
1641.8882270259999,3187.033098197414,66.5
1641.888427026,3354.7003882188205,66.51
1641.888627026,3123.994250496673,66.52
1641.888827026,3162.22637194245,66.53
1641.889027026,3183.2145701448517,66.54
1641.8892270259998,3215.2278412538526,66.55
1641.889427026,3217.0089145029738,66.56
1641.889627026,3172.4900179829838,66.57
1641.889827026,3206.3354211147525,66.58
1641.8900270259999,3387.285356554654,66.59
1641.890227026,3186.0042639202443,66.6
1641.890427026,3259.6336148697355,66.61
1641.890627026,3124.3684206159915,66.62
1641.890827026,3164.9822337777846,66.63
1641.8910270259998,3132.9069100589777,66.64
1641.891227026,3310.9963084830606,66.65
1641.891427026,3219.8364073049243,66.66
1641.891627026,3192.240539971065,66.67
1641.8918270259999,3212.0769641129546,66.68
1641.892027026,3068.3115124251563,66.69
1641.892227026,3294.7511417319197,66.7
1641.892427026,3274.0798565188425,66.71
1641.892627026,3159.6034033824067,66.72
1641.8928270259998,3163.428510860806,66.73
1641.893027026,3115.7107034055116,66.74
1641.893227026,3231.153497137978,66.75
1641.893427026,3173.0520001756677,66.76
1641.8936270259999,3106.8811301167143,66.77
1641.893827026,3108.619762174326,66.78
1641.894027026,3209.3242632334895,66.79
1641.894227026,3186.6923080709594,66.8
1641.894427026,3234.387462384795,66.81
1641.8946270259999,3072.8453898427483,66.82
1641.894827026,3215.4265022762293,66.83
1641.895027026,3295.367962672337,66.84
1641.895227026,3119.4072158439867,66.85
1641.8954270259999,3208.8118803037955,66.86
1641.8956270259998,3307.213340050903,66.87
1641.895827026,3113.6175736362325,66.88
1641.896027026,3083.6707958558077,66.89
1641.896227026,3116.0439184412676,66.9
1641.8964270259999,3047.9241443591764,66.91
1641.896627026,3201.4237060188143,66.92
1641.896827026,3257.5322771970496,66.93
1641.897027026,3106.0448798599996,66.94
1641.8972270259999,3144.8895451251474,66.95
1641.8974270259998,3125.4608332620246,66.96
1641.897627026,3086.077884627689,66.97
1641.897827026,3028.790579633781,66.98
1641.898027026,3178.1570150433217,66.99
1641.8982270259999,3115.3780348555656,67.0
1641.898427026,3171.1968787410265,67.01
1641.898627026,3051.5761608516214,67.02
1641.898827026,3283.0417186596646,67.03
1641.8990270259999,3162.4631717464285,67.04
1641.8992270259998,3221.4363987121137,67.05
1641.899427026,3145.041059921163,67.06
1641.899627026,3322.660935867863,67.07
1641.899827026,3222.9463809324425,67.08
1641.9000270259999,3153.3000164534587,67.09
1641.900227026,3202.9188256157786,67.1
1641.900427026,3083.962683804277,67.11
1641.900627026,3042.509730418939,67.12
1641.900827026,3220.7975135202273,67.13
1641.9010270259998,3132.590822594493,67.14
1641.901227026,3174.3322476247,67.15
1641.901427026,3103.34368937354,67.16
1641.901627026,3111.4957950464063,67.17
1641.9018270259999,3257.5784266341716,67.18
1641.902027026,3264.8333111162087,67.19
1641.902227026,3186.908411613249,67.2
1641.902427026,3116.954874264055,67.21
1641.902627026,3268.740483417224,67.22
1641.9028270259998,3077.6006861548403,67.23
1641.903027026,3149.008028486529,67.24
1641.903227026,3101.089275956789,67.25
1641.903427026,3205.1305944186674,67.26
1641.9036270259999,3050.035307161053,67.27
1641.903827026,3290.621055316992,67.28
1641.904027026,3229.0154779741342,67.29
1641.904227026,3203.711264722477,67.3
1641.904427026,3070.1727626565507,67.31
1641.9046270259998,3336.6024693273844,67.32
1641.904827026,3142.5826757054065,67.33
1641.905027026,3098.170457904855,67.34
1641.905227026,3071.601971872274,67.35
1641.9054270259999,3091.329029845845,67.36
1641.905627026,3188.1763358825883,67.37
1641.905827026,3137.8702986751778,67.38
1641.906027026,3095.5648511367463,67.39
1641.906227026,3182.4809443137447,67.4
1641.9064270259998,3120.215668506723,67.41
1641.906627026,2915.998070664756,67.42
1641.906827026,3070.2236968777593,67.43
1641.907027026,3030.6673679793194,67.44
1641.9072270259999,3150.365190419878,67.45
1641.907427026,3084.364918880635,67.46
1641.907627026,3058.8463653781364,67.47
1641.907827026,3086.4149832970174,67.48
1641.908027026,3046.052651832037,67.49
1641.9082270259998,3325.078204128726,67.5
1641.908427026,3039.491751860719,67.51
1641.908627026,3180.331581672923,67.52
1641.908827026,3185.221669041906,67.53
1641.9090270259999,3154.021382956028,67.54
1641.909227026,3102.5464754976074,67.55
1641.909427026,3209.4290361405256,67.56
1641.909627026,3131.9028953179863,67.57
1641.909827026,3137.679919547766,67.58
1641.9100270259999,3186.024457161664,67.59
1641.910227026,3174.555817525558,67.6
1641.910427026,3165.5979087375335,67.61
1641.910627026,3049.321400322246,67.62
1641.9108270259999,3143.4271278363126,67.63
1641.9110270259998,3156.88387198158,67.64
1641.911227026,3150.9249364822313,67.65
1641.911427026,3187.840116864395,67.66
1641.911627026,3249.949873241701,67.67
1641.9118270259999,3156.1074898680818,67.68
1641.912027026,3165.8149180228106,67.69
1641.912227026,3175.04879435881,67.7
1641.912427026,3109.1783074812756,67.71
1641.9126270259999,3245.921738432963,67.72
1641.9128270259998,3097.11619595285,67.73
1641.913027026,3080.270200898983,67.74
1641.913227026,3045.4685326026265,67.75
1641.913427026,3035.761193024471,67.76
1641.9136270259999,3119.745282129135,67.77
1641.913827026,2996.4977868439537,67.78
1641.914027026,3136.8162354481306,67.79
1641.914227026,3092.0145190549024,67.8
1641.9144270259999,3137.6765623233946,67.81
1641.9146270259998,3121.421933531753,67.82
1641.914827026,3080.0431169300437,67.83
1641.915027026,3067.577386388246,67.84
1641.915227026,3062.205632589589,67.85
1641.9154270259999,2994.5565678734706,67.86
1641.915627026,3100.2623176083935,67.87
1641.915827026,3168.157440065309,67.88
1641.916027026,3115.8596953855395,67.89
1641.916227026,3084.78791765028,67.9
1641.9164270259998,3089.1340757585713,67.91
1641.916627026,2859.6281402484096,67.92
1641.916827026,3145.4455350406342,67.93
1641.917027026,3134.634671045708,67.94
1641.9172270259999,3033.156433043802,67.95
1641.917427026,3129.6173014776496,67.96
1641.917627026,3003.8352747991416,67.97
1641.917827026,3079.971895127457,67.98
1641.918027026,3089.3678704564036,67.99
1641.9182270259998,3014.866468722773,68.0
1641.918427026,3017.233964826156,68.01
1641.918627026,3133.8580670594397,68.02
1641.918827026,3156.2623529155517,68.03
1641.9190270259999,3192.5315200463997,68.04
1641.919227026,3133.533792804201,68.05
1641.919427026,3000.4210965708394,68.06
1641.919627026,2931.0561548386645,68.07
1641.919827026,2983.3981468929624,68.08
1641.9200270259998,3098.2288074513476,68.09
1641.920227026,3135.9293746779,68.1
1641.920427026,3119.9275672380863,68.11
1641.920627026,3162.0773365671675,68.12
1641.9208270259999,3014.391254943538,68.13
1641.921027026,3021.104072761648,68.14
1641.921227026,3049.127069796483,68.15
1641.921427026,3115.4443853391003,68.16
1641.921627026,2969.9304912233806,68.17
1641.9218270259998,3046.6784646101974,68.18
1641.922027026,3032.0237151751694,68.19
1641.922227026,3166.5505765666353,68.2
1641.922427026,3120.3412621178854,68.21
1641.9226270259999,2933.019345565506,68.22
1641.922827026,2914.403461692962,68.23
1641.923027026,2907.752688391253,68.24
1641.923227026,3127.8983991403547,68.25
1641.923427026,3026.7238479140096,68.26
1641.9236270259998,3075.3524945313106,68.27
1641.923827026,3055.72178527689,68.28
1641.924027026,3041.1061995860778,68.29
1641.924227026,3058.042479697531,68.3
1641.9244270259999,3088.115025595875,68.31
1641.924627026,3094.461526463012,68.32
1641.924827026,3074.816876582804,68.33
1641.925027026,3112.5469217165714,68.34
1641.925227026,3118.7149346171427,68.35
1641.9254270259999,2968.655640702971,68.36
1641.925627026,3037.649895372018,68.37
1641.925827026,3069.099227048376,68.38
1641.926027026,3178.9044846232396,68.39
1641.9262270259999,3029.8649396555516,68.4
1641.9264270259998,2920.1369752143755,68.41
1641.926627026,3149.7786049924493,68.42
1641.926827026,2948.6859108806593,68.43
1641.927027026,3046.6453442316392,68.44
1641.9272270259999,3045.3730080413834,68.45
1641.927427026,3090.921960646592,68.46
1641.927627026,3077.763691720653,68.47
1641.927827026,3016.8427695325954,68.48
1641.9280270259999,3117.020792303816,68.49
1641.9282270259998,2943.394019265591,68.5
1641.928427026,3094.842559030368,68.51
1641.928627026,3080.909069940741,68.52
1641.928827026,3104.2622061695047,68.53
1641.9290270259999,2921.2978547433986,68.54
1641.929227026,3171.540473961331,68.55
1641.929427026,3010.815234022302,68.56
1641.929627026,3119.0051421424228,68.57
1641.9298270259999,2929.7957728736465,68.58
1641.9300270259998,2957.39350722163,68.59
1641.930227026,3096.032457537396,68.6
1641.930427026,2991.3102192798524,68.61
1641.930627026,3035.498953737272,68.62
1641.9308270259999,2901.629912551785,68.63
1641.931027026,3114.3072835686326,68.64
1641.931227026,2946.150001154374,68.65
1641.931427026,3057.149191342848,68.66
1641.931627026,3004.5483624644826,68.67
1641.9318270259998,2973.108153178231,68.68
1641.932027026,2975.4059633781762,68.69
1641.932227026,2926.4332883298066,68.7
1641.932427026,3101.093584185284,68.71
1641.9326270259999,2955.8657296682,68.72
1641.932827026,3163.9079081756104,68.73
1641.933027026,2989.281776655089,68.74
1641.933227026,3130.891033319724,68.75
1641.933427026,3098.5333238606286,68.76
1641.9336270259998,2952.803629276512,68.77
1641.933827026,3037.0882958510674,68.78
1641.934027026,3043.497084847176,68.79
1641.934227026,3104.195348820039,68.8
1641.9344270259999,2928.828039233348,68.81
1641.934627026,2866.5736417996072,68.82
1641.934827026,2883.7535378048237,68.83
1641.935027026,3071.730173059784,68.84
1641.935227026,3045.2271566595387,68.85
1641.9354270259998,3030.125293775871,68.86
1641.935627026,2982.4631248651704,68.87
1641.935827026,3152.327620638277,68.88
1641.936027026,2950.1845893875898,68.89
1641.9362270259999,2933.009420169866,68.9
1641.936427026,3003.8197835736564,68.91
1641.936627026,3014.3785844574927,68.92
1641.936827026,2901.3718112491442,68.93
1641.937027026,3110.881620646724,68.94
1641.9372270259998,2976.3494210248414,68.95
1641.937427026,3111.7791673832116,68.96
1641.937627026,3085.973351915404,68.97
1641.937827026,2982.463769105298,68.98
1641.9380270259999,3082.1464689836325,68.99
1641.938227026,3080.1461906864374,69.0
1641.938427026,2908.897059892047,69.01
1641.938627026,3005.1544297876962,69.02
1641.938827026,2912.706079283528,69.03
1641.9390270259998,2925.025755888082,69.04
1641.939227026,2983.404331347581,69.05
1641.939427026,2902.7636285475382,69.06
1641.939627026,3090.47002166373,69.07
1641.9398270259999,3050.830677865544,69.08
1641.940027026,2940.798989151572,69.09
1641.940227026,3138.109489865131,69.1
1641.940427026,2836.4645922319314,69.11
1641.940627026,2976.4811653219876,69.12
1641.9408270259999,2996.2212672356313,69.13
1641.941027026,2906.1672165694245,69.14
1641.941227026,3115.2481430749503,69.15
1641.941427026,2882.5676188065167,69.16
1641.9416270259999,2978.336744194842,69.17
1641.9418270259998,3070.7758343631904,69.18
1641.942027026,3048.4701071353784,69.19
1641.942227026,2954.633051542501,69.2
1641.942427026,3012.4668769477908,69.21
1641.9426270259999,2949.637547128318,69.22
1641.942827026,3030.8855820485032,69.23
1641.943027026,2808.219678783165,69.24
1641.943227026,3048.1820478642276,69.25
1641.9434270259999,2955.4817037686876,69.26
1641.9436270259998,2882.515814754834,69.27
1641.943827026,2956.2063603627857,69.28
1641.944027026,2831.3264342329317,69.29
1641.944227026,2840.1576870240856,69.3
1641.9444270259999,3053.484359332197,69.31
1641.944627026,3028.564792659799,69.32
1641.944827026,3026.6044163199404,69.33
1641.945027026,2900.7990272684215,69.34
1641.9452270259999,2977.6585831512466,69.35
1641.9454270259998,2915.0136666682015,69.36
1641.945627026,2975.377060075916,69.37
1641.945827026,2991.568035894058,69.38
1641.946027026,3038.1793115348387,69.39
1641.9462270259999,2984.3256830341693,69.4
1641.946427026,3041.4845547928912,69.41
1641.946627026,2991.550616740867,69.42
1641.946827026,2942.6949073527576,69.43
1641.947027026,2851.3070679565735,69.44
1641.9472270259998,2998.8450795664135,69.45
1641.947427026,2934.4154428048178,69.46
1641.947627026,3020.7444198747357,69.47
1641.947827026,2915.013778178978,69.48
1641.9480270259999,2930.7822976146153,69.49
1641.948227026,2985.016470205839,69.5
1641.948427026,2946.87570081945,69.51
1641.948627026,2957.776688894334,69.52
1641.948827026,3102.851618779182,69.53
1641.9490270259998,2950.6148764776162,69.54
1641.949227026,3081.032266076349,69.55
1641.949427026,2864.646779273325,69.56
1641.949627026,2899.1132361897708,69.57
1641.9498270259999,2866.377124519231,69.58
1641.950027026,2838.07440669011,69.59
1641.950227026,2915.0765433062143,69.6
1641.950427026,2945.1128959915873,69.61
1641.950627026,2963.8206456905177,69.62
1641.9508270259998,2818.3889087163375,69.63
1641.951027026,2942.616109802676,69.64
1641.951227026,2964.1249329248185,69.65
1641.951427026,2928.4149365382145,69.66
1641.9516270259999,2862.4007891403917,69.67
1641.951827026,2908.281032519167,69.68
1641.952027026,2888.957507664101,69.69
1641.952227026,2909.643248978829,69.7
1641.952427026,2912.7709624161707,69.71
1641.9526270259998,2953.5515422282515,69.72
1641.952827026,3014.7779867495574,69.73
1641.953027026,2988.95114892492,69.74
1641.953227026,2841.1828902863067,69.75
1641.9534270259999,2932.8048772065654,69.76
1641.953627026,2887.109552782914,69.77
1641.953827026,2971.1495081477497,69.78
1641.954027026,3005.900352558884,69.79
1641.954227026,2828.226670889404,69.8
1641.9544270259998,3028.5417202219924,69.81
1641.954627026,3026.547123128252,69.82
1641.954827026,2928.2938967043024,69.83
1641.955027026,2836.88506293013,69.84
1641.9552270259999,2802.723485448367,69.85
1641.955427026,2869.334671245914,69.86
1641.955627026,2854.3538320615744,69.87
1641.955827026,3013.6556430888772,69.88
1641.956027026,2846.9114236369533,69.89
1641.9562270259999,2868.795501729605,69.9
1641.956427026,2827.8589198412133,69.91
1641.956627026,2889.2804314863592,69.92
1641.956827026,3010.5244289582797,69.93
1641.9570270259999,3048.712217334536,69.94
1641.9572270259998,2859.602059828857,69.95
1641.957427026,2883.8808251801033,69.96
1641.957627026,2917.309949916908,69.97
1641.957827026,2957.380165831365,69.98
1641.9580270259999,2910.176111411899,69.99
1641.958227026,2869.5266210461573,70.0
1641.958427026,2665.3594207106808,70.01
1641.958627026,2870.3576402821013,70.02
1641.9588270259999,2933.2742383087034,70.03
1641.9590270259998,3087.4146819247517,70.04
1641.959227026,2798.787167490104,70.05
1641.959427026,2989.298068272481,70.06
1641.959627026,2819.602257210068,70.07
1641.9598270259999,2878.829130002777,70.08
1641.960027026,2989.9667235998127,70.09
1641.960227026,2888.862386124302,70.1
1641.960427026,2795.0034990376694,70.11
1641.9606270259999,2948.852833629604,70.12
1641.9608270259998,2975.6790696836238,70.13
1641.961027026,2847.911713132465,70.14
1641.961227026,2863.0641513289142,70.15
1641.961427026,3070.8505635206425,70.16
1641.9616270259999,2890.2641074962876,70.17
1641.961827026,2743.1425205314713,70.18
1641.962027026,2926.2658797112076,70.19
1641.962227026,2969.6336605115152,70.2
1641.962427026,2838.3765772865486,70.21
1641.9626270259998,2899.854473465101,70.22
1641.962827026,2975.965037341137,70.23
1641.963027026,2923.3871774594572,70.24
1641.963227026,2891.3119957755516,70.25
1641.9634270259999,2940.7167699360543,70.26
1641.963627026,2891.167183238272,70.27
1641.963827026,2983.054131892359,70.28
1641.964027026,2992.4006828852403,70.29
1641.964227026,2957.182465007802,70.3
1641.9644270259998,2818.086499324901,70.31
1641.964627026,3004.1618900901262,70.32
1641.964827026,2922.731433209132,70.33
1641.965027026,2842.2055999806416,70.34
1641.9652270259999,2789.634158252509,70.35
1641.965427026,2798.6491180513394,70.36
1641.965627026,2891.7907913033746,70.37
1641.965827026,2860.9008811657204,70.38
1641.966027026,2849.9561462859247,70.39
1641.9662270259998,2780.821589551374,70.4
1641.966427026,2890.0117397188933,70.41
1641.966627026,2935.9454209736064,70.42
1641.966827026,2789.3141492889486,70.43
1641.9670270259999,3060.4052787870214,70.44
1641.967227026,2832.4027268473146,70.45
1641.967427026,2882.6667689747824,70.46
1641.967627026,2753.68915943617,70.47
1641.967827026,2915.681704277132,70.48
1641.9680270259998,2751.234935543027,70.49
1641.968227026,2747.74151449645,70.5
1641.968427026,2804.819550177835,70.51
1641.968627026,2875.145921911225,70.52
1641.9688270259999,2926.7165000444697,70.53
1641.969027026,2845.002024788359,70.54
1641.969227026,2807.920518949325,70.55
1641.969427026,2766.0245014332495,70.56
1641.969627026,2848.7049261698694,70.57
1641.9698270259998,2876.2248898481253,70.58
1641.970027026,2826.372803437126,70.59
1641.970227026,2890.896701507188,70.6
1641.970427026,2920.7337160917036,70.61
1641.9706270259999,2847.93885807227,70.62
1641.970827026,2956.3276620663046,70.63
1641.971027026,2964.1587747148405,70.64
1641.971227026,2766.8371706671746,70.65
1641.971427026,2892.44441831101,70.66
1641.9716270259999,2777.2162371686804,70.67
1641.971827026,2752.256177168162,70.68
1641.972027026,2897.927896277494,70.69
1641.972227026,2849.2640273196766,70.7
1641.9724270259999,2746.287705996167,70.71
1641.9726270259998,2778.148173139378,70.72
1641.972827026,2704.1554990231843,70.73
1641.973027026,2935.045966777584,70.74
1641.973227026,2893.286098883215,70.75
1641.9734270259999,2869.358358160646,70.76
1641.973627026,2656.2473237616505,70.77
1641.973827026,2750.315899998379,70.78
1641.974027026,2913.335188284971,70.79
1641.9742270259999,2713.4098404168712,70.8
1641.9744270259998,2717.807925026589,70.81
1641.974627026,2720.5599234598635,70.82
1641.974827026,2825.358661265952,70.83
1641.975027026,2805.529043788658,70.84
1641.9752270259999,2777.982473712903,70.85
1641.975427026,2809.0576905321877,70.86
1641.975627026,2960.4712969062525,70.87
1641.975827026,2812.2462939744837,70.88
1641.9760270259999,2895.9583817837893,70.89
1641.9762270259998,2833.0898476623875,70.9
1641.976427026,2909.534634776013,70.91
1641.976627026,2842.807531321549,70.92
1641.976827026,2716.376849429252,70.93
1641.9770270259999,2883.1190075783693,70.94
1641.977227026,2787.899291105024,70.95
1641.977427026,2757.837962077655,70.96
1641.977627026,2830.9832982205066,70.97
1641.9778270259999,2926.000689195096,70.98
1641.9780270259998,2810.645703981709,70.99
1641.978227026,2712.64030428298,71.0
1641.978427026,2843.7754722714008,71.01
1641.978627026,2868.193565700328,71.02
1641.9788270259999,2871.3346411266493,71.03
1641.979027026,2658.3180504104344,71.04
1641.979227026,2835.447663055089,71.05
1641.979427026,2811.4277914623112,71.06
1641.979627026,2751.1745237864584,71.07
1641.9798270259998,2992.604769211264,71.08
1641.980027026,2778.0929547494648,71.09
1641.980227026,2714.686593838865,71.1
1641.980427026,2714.0808626059015,71.11
1641.9806270259999,3011.4736412339485,71.12
1641.980827026,2873.449170768775,71.13
1641.981027026,2828.4992253636306,71.14
1641.981227026,2804.2031292435126,71.15
1641.981427026,2888.5441039803954,71.16
1641.9816270259998,2735.777339351541,71.17
1641.981827026,2782.5340202309444,71.18
1641.982027026,2824.9450718311805,71.19
1641.982227026,2839.3351210304095,71.2
1641.9824270259999,2781.3334710361555,71.21
1641.982627026,2732.6088319209057,71.22
1641.982827026,2723.192002670543,71.23
1641.983027026,2802.270814396213,71.24
1641.983227026,2792.1573467684184,71.25
1641.9834270259998,2804.6561385998066,71.26
1641.983627026,2678.964836458021,71.27
1641.983827026,2774.657169514064,71.28
1641.984027026,2735.5092338554177,71.29
1641.9842270259999,2778.930324946052,71.3
1641.984427026,2684.552035441107,71.31
1641.984627026,2755.5471883142163,71.32
1641.984827026,2834.5886032194667,71.33
1641.985027026,2765.2378474275893,71.34
1641.9852270259998,2786.1309825597655,71.35
1641.985427026,2694.9703422120565,71.36
1641.985627026,2704.955312691953,71.37
1641.985827026,2650.5942490874368,71.38
1641.9860270259999,2796.643800587014,71.39
1641.986227026,2705.0148399207833,71.4
1641.986427026,2810.5181257541362,71.41
1641.986627026,2729.030743907784,71.42
1641.986827026,2662.232478815475,71.43
1641.9870270259999,2723.1411755253057,71.44
1641.987227026,2798.5431335183443,71.45
1641.987427026,2688.5655110275943,71.46
1641.987627026,2686.9545611499193,71.47
1641.9878270259999,2733.1125628898267,71.48
1641.9880270259998,2740.676121463578,71.49
1641.988227026,2771.833532497563,71.5
1641.988427026,2673.4420876331847,71.51
1641.988627026,2847.4754004430692,71.52
1641.9888270259999,2772.2481693145223,71.53
1641.989027026,2660.0266295961464,71.54
1641.989227026,2802.623973512935,71.55
1641.989427026,2725.0463113808887,71.56
1641.9896270259999,2827.205956116293,71.57
1641.9898270259998,2680.451294620891,71.58
1641.990027026,2678.731784086135,71.59
1641.990227026,2712.409764881446,71.6
1641.990427026,2743.9673432825925,71.61
1641.9906270259999,2685.6758394633766,71.62
1641.990827026,2793.425891839097,71.63
1641.991027026,2669.6813419285713,71.64
1641.991227026,2624.978270469064,71.65
1641.9914270259999,2912.4829198536518,71.66
1641.9916270259998,2649.655644376256,71.67
1641.991827026,2831.0038980853624,71.68
1641.992027026,2679.1181810000894,71.69
1641.992227026,2633.938069535982,71.7
1641.9924270259999,2737.999025229028,71.71
1641.992627026,2651.9042903036275,71.72
1641.992827026,2843.694792824169,71.73
1641.993027026,2797.9048985117547,71.74
1641.9932270259999,2853.069795508151,71.75
1641.9934270259998,2889.5831937665243,71.76
1641.993627026,2782.0471338943526,71.77
1641.993827026,2694.047429843958,71.78
1641.994027026,2771.3093998305617,71.79
1641.9942270259999,2706.5221361013205,71.8
1641.994427026,2807.8411683122213,71.81
1641.994627026,2900.058542547199,71.82
1641.994827026,2670.5024421027097,71.83
1641.995027026,2759.8975530668276,71.84
1641.9952270259998,2740.0180689913873,71.85
1641.995427026,2705.5730337332343,71.86
1641.995627026,2680.494515282363,71.87
1641.995827026,2700.297250803645,71.88
1641.9960270259999,2758.8422353384717,71.89
1641.996227026,2744.207898255202,71.9
1641.996427026,2700.9939502970346,71.91
1641.996627026,2616.6138468552494,71.92
1641.996827026,2677.0831115336982,71.93
1641.9970270259998,2697.382893627579,71.94
1641.997227026,2806.7019036702704,71.95
1641.997427026,2916.186231160787,71.96
1641.997627026,2673.852012672734,71.97
1641.9978270259999,2744.5421371682237,71.98
1641.998027026,2787.4816445095653,71.99
1641.998227026,2717.420992081014,72.0
1641.998427026,2711.3546352483568,72.01
1641.998627026,2780.499578475128,72.02
1641.9988270259998,2724.995136947198,72.03
1641.999027026,2757.2975281524723,72.04
1641.999227026,2632.0783677870295,72.05
1641.999427026,2672.5285328106906,72.06
1641.9996270259999,2676.3019170419225,72.07
1641.999827026,2667.9304109641917,72.08
1642.000027026,2797.420463416431,72.09
1642.000227026,2633.4826431248985,72.1
1642.000427026,2664.699707363468,72.11
1642.0006270259998,2760.1813063066884,72.12
1642.000827026,2709.772246479921,72.13
1642.001027026,2673.642722066652,72.14
1642.001227026,2659.8169948496343,72.15
1642.0014270259999,2627.5127334639724,72.16
1642.001627026,2669.3664406382463,72.17
1642.001827026,2678.948988615363,72.18
1642.002027026,2801.461477408827,72.19
1642.002227026,2733.0280079530753,72.2
1642.0024270259999,2851.5156918008524,72.21
1642.002627026,2842.0678834091677,72.22
1642.002827026,2690.716118951823,72.23
1642.003027026,2739.151849259464,72.24
1642.0032270259999,2749.5273055915977,72.25
1642.003427026,2702.4049846127023,72.26
1642.003627026,2637.5457256408795,72.27
1642.003827026,2644.940011592,72.28
1642.004027026,2589.051069867635,72.29
1642.0042270259999,2651.0344849605563,72.3
1642.004427026,2684.2478754669187,72.31
1642.004627026,2629.969920199645,72.32
1642.004827026,2637.7657500803402,72.33
1642.0050270259999,2739.654312005208,72.34
1642.0052270259998,2624.2684338446634,72.35
1642.005427026,2786.2623366415814,72.36
1642.005627026,2602.9134456797055,72.37
1642.005827026,2749.9970844774657,72.38
1642.0060270259999,2699.148750281075,72.39
1642.006227026,2790.480372480517,72.4
1642.006427026,2603.946335008559,72.41
1642.006627026,2736.492494909415,72.42
1642.0068270259999,2538.0636964242885,72.43
1642.0070270259998,2617.1824970016974,72.44
1642.007227026,2666.565491082011,72.45
1642.007427026,2678.530861234301,72.46
1642.007627026,2722.3260017742446,72.47
1642.0078270259999,2693.4063759619307,72.48
1642.008027026,2603.0102026828363,72.49
1642.008227026,2794.2930186940866,72.5
1642.008427026,2509.0599033726817,72.51
1642.0086270259999,2555.7672373425107,72.52
1642.0088270259998,2574.106792860186,72.53
1642.009027026,2594.346426917909,72.54
1642.009227026,2616.2898732638196,72.55
1642.009427026,2766.0776025650734,72.56
1642.0096270259999,2546.1050718469096,72.57
1642.009827026,2694.4358582689206,72.58
1642.010027026,2639.81668695048,72.59
1642.010227026,2681.747126322069,72.6
1642.010427026,2735.769663837643,72.61
1642.0106270259998,2684.726907881144,72.62
1642.010827026,2548.8165568191675,72.63
1642.011027026,2634.6043110161563,72.64
1642.011227026,2733.4279974487345,72.65
1642.0114270259999,2847.092585280159,72.66
1642.011627026,2765.454958504491,72.67
1642.011827026,2668.093363259841,72.68
1642.012027026,2803.9441882595333,72.69
1642.012227026,2695.6664946746273,72.7
1642.0124270259998,2557.2112996975543,72.71
1642.012627026,2586.3652616272334,72.72
1642.012827026,2665.8903711842067,72.73
1642.013027026,2639.83124035399,72.74
1642.0132270259999,2771.4161166663066,72.75
1642.013427026,2650.0652174590837,72.76
1642.013627026,2747.6915345648795,72.77
1642.013827026,2511.9369214479193,72.78
1642.014027026,2610.43551290372,72.79
1642.0142270259998,2576.6202652743304,72.8
1642.014427026,2757.6213365467515,72.81
1642.014627026,2534.1753015199365,72.82
1642.014827026,2690.281708875639,72.83
1642.0150270259999,2782.815393352599,72.84
1642.015227026,2530.784025030865,72.85
1642.015427026,2564.726425151062,72.86
1642.015627026,2548.25096356352,72.87
1642.015827026,2742.783405684848,72.88
1642.0160270259998,2565.1694541242464,72.89
1642.016227026,2623.7474827828073,72.9
1642.016427026,2676.598719948379,72.91
1642.016627026,2545.103295493137,72.92
1642.0168270259999,2684.377346225627,72.93
1642.017027026,2822.162596998623,72.94
1642.017227026,2682.1547666549454,72.95
1642.017427026,2538.545338374804,72.96
1642.017627026,2611.6432977674253,72.97
1642.0178270259998,2682.091885251258,72.98
1642.018027026,2621.251687087055,72.99
1642.018227026,2467.889684103339,73.0
1642.018427026,2718.2382653052564,73.01
1642.0186270259999,2518.293009118908,73.02
1642.018827026,2535.762193448044,73.03
1642.019027026,2757.0693013195078,73.04
1642.019227026,2614.227939874777,73.05
1642.019427026,2628.154818529028,73.06
1642.0196270259999,2509.056466746219,73.07
1642.019827026,2586.060409318441,73.08
1642.020027026,2742.127575094099,73.09
1642.020227026,2670.6798419625416,73.1
1642.0204270259999,2581.3405265110305,73.11
1642.0206270259998,2575.6414749474034,73.12
1642.020827026,2748.54088546448,73.13
1642.021027026,2707.94962069416,73.14
1642.021227026,2552.8033709084852,73.15
1642.0214270259999,2650.594964817476,73.16
1642.021627026,2615.6520612278196,73.17
1642.021827026,2679.7059040697613,73.18
1642.022027026,2512.3867278267876,73.19
1642.0222270259999,2684.3890706700668,73.2
1642.0224270259998,2610.2714431769355,73.21
1642.022627026,2437.8447664166665,73.22
1642.022827026,2562.6756733377724,73.23
1642.023027026,2575.4176774004195,73.24
1642.0232270259999,2572.141797065562,73.25
1642.023427026,2619.240788945598,73.26
1642.023627026,2503.849020903388,73.27
1642.023827026,2538.8097726112446,73.28
1642.0240270259999,2746.883707889776,73.29
1642.0242270259998,2584.510053257698,73.3
1642.024427026,2638.3145619620996,73.31
1642.024627026,2569.970609735155,73.32
1642.024827026,2544.0440625850993,73.33
1642.0250270259999,2677.7499140105338,73.34
1642.025227026,2582.639919836678,73.35
1642.025427026,2534.7474808044803,73.36
1642.025627026,2540.4298666766413,73.37
1642.025827026,2620.6962146809688,73.38
1642.0260270259998,2684.7609140971867,73.39
1642.026227026,2667.9403159207536,73.4
1642.026427026,2505.9807929715216,73.41
1642.026627026,2610.6440178786374,73.42
1642.0268270259999,2548.7230514164994,73.43
1642.027027026,2643.839312712297,73.44
1642.027227026,2546.857817912932,73.45
1642.027427026,2631.6021263422863,73.46
1642.027627026,2552.7732099553477,73.47
1642.0278270259998,2519.8552713707168,73.48
1642.028027026,2629.6465009969083,73.49
1642.028227026,2606.915829003737,73.5
1642.028427026,2608.3049737529323,73.51
1642.0286270259999,2548.7532785486437,73.52
1642.028827026,2468.910908864535,73.53
1642.029027026,2591.760158731058,73.54
1642.029227026,2645.477789892608,73.55
1642.029427026,2604.606989771165,73.56
1642.0296270259998,2640.5173148956983,73.57
1642.029827026,2540.7121549792073,73.58
1642.030027026,2597.19294292654,73.59
1642.030227026,2652.296214970818,73.6
1642.0304270259999,2604.684741857199,73.61
1642.030627026,2558.3639479898306,73.62
1642.030827026,2731.94433621649,73.63
1642.031027026,2567.226404254375,73.64
1642.031227026,2466.4609901638864,73.65
1642.0314270259998,2554.8821354700135,73.66
1642.031627026,2636.708124919356,73.67
1642.031827026,2525.824658191915,73.68
1642.032027026,2484.2268418004696,73.69
1642.0322270259999,2560.365260700503,73.7
1642.032427026,2498.4792434156902,73.71
1642.032627026,2464.605407941057,73.72
1642.032827026,2627.63589691797,73.73
1642.033027026,2492.6131269248904,73.74
1642.0332270259998,2779.549925572308,73.75
1642.033427026,2587.258572440843,73.76
1642.033627026,2457.885098728325,73.77
1642.033827026,2469.5279285121983,73.78
1642.0340270259999,2520.8636985452267,73.79
1642.034227026,2528.212135137734,73.8
1642.034427026,2467.8325971329664,73.81
1642.034627026,2519.0452353063947,73.82
1642.034827026,2410.74299992942,73.83
1642.0350270259999,2499.1106187550185,73.84
1642.035227026,2609.800732382437,73.85
1642.035427026,2510.398536844165,73.86
1642.035627026,2531.8675365756294,73.87
1642.0358270259999,2543.493002325565,73.88
1642.0360270259998,2530.9899442733176,73.89
1642.036227026,2562.034855757297,73.9
1642.036427026,2552.401576630021,73.91
1642.036627026,2647.3926862011162,73.92
1642.0368270259999,2626.190642890334,73.93
1642.037027026,2459.3209882949536,73.94
1642.037227026,2477.1716911178787,73.95
1642.037427026,2365.6885026534505,73.96
1642.0376270259999,2740.6641195079915,73.97
1642.0378270259998,2536.1070579540324,73.98
1642.038027026,2524.6799847666707,73.99
1642.038227026,2595.255193781477,74.0
1642.038427026,2527.496103192734,74.01
1642.0386270259999,2499.2019006360274,74.02
1642.038827026,2511.9762289338237,74.03
1642.039027026,2486.296831821861,74.04
1642.039227026,2514.4683200275517,74.05
1642.0394270259999,2525.15072396777,74.06
1642.0396270259998,2389.3365783184017,74.07
1642.039827026,2463.160200178166,74.08
1642.040027026,2548.8364429842604,74.09
1642.040227026,2450.7034320024673,74.1
1642.0404270259999,2604.2801051021374,74.11
1642.040627026,2413.5199320646684,74.12
1642.040827026,2466.6656447888936,74.13
1642.041027026,2533.0794356341876,74.14
1642.041227026,2526.3118331639776,74.15
1642.0414270259998,2509.581812664525,74.16
1642.041627026,2421.010393931557,74.17
1642.041827026,2467.676940991543,74.18
1642.042027026,2448.4247110781193,74.19
1642.0422270259999,2566.847505963694,74.2
1642.042427026,2390.478956716076,74.21
1642.042627026,2512.595898525425,74.22
1642.042827026,2581.471699802316,74.23
1642.043027026,2512.0004660417208,74.24
1642.0432270259998,2554.018786985999,74.25
1642.043427026,2626.6256977034163,74.26
1642.043627026,2498.443470568373,74.27
1642.043827026,2406.903633173775,74.28
1642.0440270259999,2605.039227610185,74.29
1642.044227026,2651.6378653570737,74.3
1642.044427026,2422.2247369511406,74.31
1642.044627026,2544.873224370856,74.32
1642.044827026,2503.687948938302,74.33
1642.0450270259998,2547.2117577029535,74.34
1642.045227026,2430.767088397035,74.35
1642.045427026,2422.4057612815404,74.36
1642.045627026,2533.538959974509,74.37
1642.0458270259999,2528.0365010033274,74.38
1642.046027026,2599.5304896668563,74.39
1642.046227026,2566.178751464589,74.4
1642.046427026,2537.682478160082,74.41
1642.046627026,2487.944871480396,74.42
1642.0468270259998,2509.396535055167,74.43
1642.047027026,2527.8374950993702,74.44
1642.047227026,2406.9750559858194,74.45
1642.047427026,2282.4226963160627,74.46
1642.0476270259999,2717.878609631995,74.47
1642.047827026,2404.8219229868755,74.48
1642.048027026,2597.104268195724,74.49
1642.048227026,2488.752969302439,74.5
1642.048427026,2534.7363861852264,74.51
1642.0486270259998,2536.721709078332,74.52
1642.048827026,2328.5766040965073,74.53
1642.049027026,2404.9772116020536,74.54
1642.049227026,2584.7441966945385,74.55
1642.0494270259999,2497.060558737131,74.56
1642.049627026,2492.6480043839265,74.57
1642.049827026,2426.977158656883,74.58
1642.050027026,2391.2504486444286,74.59
1642.050227026,2600.705601545983,74.6
1642.0504270259999,2499.4076787165786,74.61
1642.050627026,2515.158130602592,74.62
1642.050827026,2541.123808710501,74.63
1642.051027026,2498.0007294341854,74.64
1642.0512270259999,2487.8947203515845,74.65
1642.0514270259998,2396.859305689113,74.66
1642.051627026,2492.5826274180795,74.67
1642.051827026,2462.239434372249,74.68
1642.052027026,2373.2864833733706,74.69
1642.0522270259999,2494.686299850399,74.7
1642.052427026,2623.9575488362775,74.71
1642.052627026,2505.075538579185,74.72
1642.052827026,2514.541305888187,74.73
1642.0530270259999,2540.3173042851217,74.74
1642.0532270259998,2371.6190935521554,74.75
1642.053427026,2520.7993713724195,74.76
1642.053627026,2438.9955861600934,74.77
1642.053827026,2492.0367651900074,74.78
1642.0540270259999,2544.9693223144272,74.79
1642.054227026,2570.0213145015396,74.8
1642.054427026,2601.3488982150707,74.81
1642.054627026,2393.0887588257997,74.82
1642.0548270259999,2404.5645049463774,74.83
1642.0550270259998,2544.0302263937688,74.84
1642.055227026,2402.403455049033,74.85
1642.055427026,2468.937429785225,74.86
1642.055627026,2431.4913072683826,74.87
1642.0558270259999,2459.863883910369,74.88
1642.056027026,2477.9750617605764,74.89
1642.056227026,2358.3209149121217,74.9
1642.056427026,2455.6178316982264,74.91
1642.056627026,2494.6306517942594,74.92
1642.0568270259998,2440.7952340851425,74.93
1642.057027026,2536.396397641861,74.94
1642.057227026,2373.892918315401,74.95
1642.057427026,2374.1956470580044,74.96
1642.0576270259999,2526.64330828865,74.97
1642.057827026,2578.5888446763433,74.98
1642.058027026,2385.4860522902354,74.99
1642.058227026,2522.0646956427354,75.0
1642.058427026,2379.5535298615196,75.01
1642.0586270259998,2560.3944135252814,75.02
1642.058827026,2160.756673653299,75.03
1642.059027026,2419.6852842403828,75.04
1642.059227026,2450.3246598219807,75.05
1642.0594270259999,2361.947404111188,75.06
1642.059627026,2408.642767147515,75.07
1642.059827026,2480.691807468904,75.08
1642.060027026,2338.5531287111,75.09
1642.060227026,2560.6885373240566,75.1
1642.0604270259998,2538.826975920239,75.11
1642.060627026,2597.7681972370733,75.12
1642.060827026,2488.276963748995,75.13
1642.061027026,2472.1133636649965,75.14
1642.0612270259999,2478.424412900799,75.15
1642.061427026,2307.1574049327332,75.16
1642.061627026,2464.900773248499,75.17
1642.061827026,2490.208628332353,75.18
1642.062027026,2357.5039988962167,75.19
1642.0622270259998,2363.954708638217,75.2
1642.062427026,2486.7802323164824,75.21
1642.062627026,2411.581875770373,75.22
1642.062827026,2446.318656530543,75.23
1642.0630270259999,2428.3895294609947,75.24
1642.063227026,2380.998799844171,75.25
1642.063427026,2334.144996092922,75.26
1642.063627026,2315.0991251406035,75.27
1642.063827026,2415.7367214408882,75.28
1642.0640270259998,2382.8704935164305,75.29
1642.064227026,2311.008439182935,75.3
1642.064427026,2414.8859939106105,75.31
1642.064627026,2346.3759883529974,75.32
1642.0648270259999,2535.89831488751,75.33
1642.065027026,2474.2793046535494,75.34
1642.065227026,2462.421796115576,75.35
1642.065427026,2448.450077277436,75.36
1642.065627026,2315.3050065545303,75.37
1642.0658270259999,2554.654593032523,75.38
1642.066027026,2166.8613225150643,75.39
1642.066227026,2423.9179666864266,75.4
1642.066427026,2453.8945556697345,75.41
1642.0666270259999,2396.0225318804873,75.42
1642.0668270259998,2371.732827587072,75.43
1642.067027026,2478.482859626917,75.44
1642.067227026,2270.0936295467245,75.45
1642.067427026,2413.3833832060327,75.46
1642.0676270259999,2339.122468817649,75.47
1642.067827026,2274.205327201138,75.48
1642.068027026,2387.371421431778,75.49
1642.068227026,2434.474799604904,75.5
1642.0684270259999,2270.398479269147,75.51
1642.0686270259998,2434.350306008435,75.52
1642.068827026,2445.885629430223,75.53
1642.069027026,2246.2053421886376,75.54
1642.069227026,2358.0384310343597,75.55
1642.0694270259999,2390.4201297241575,75.56
1642.069627026,2457.681869029419,75.57
1642.069827026,2340.52402850647,75.58
1642.070027026,2415.459415263876,75.59
1642.0702270259999,2379.567923857467,75.6
1642.0704270259998,2523.772192414627,75.61
1642.070627026,2287.6704807711008,75.62
1642.070827026,2400.253321575994,75.63
1642.071027026,2343.938518503394,75.64
1642.0712270259999,2426.6268506692227,75.65
1642.071427026,2311.8732268178796,75.66
1642.071627026,2331.4442132786376,75.67
1642.071827026,2298.7534697392357,75.68
1642.072027026,2443.297539195694,75.69
1642.0722270259998,2257.030837832998,75.7
1642.072427026,2267.563718295831,75.71
1642.072627026,2441.753915732415,75.72
1642.072827026,2275.1080176972887,75.73
1642.0730270259999,2338.783879360454,75.74
1642.073227026,2406.3311446642997,75.75
1642.073427026,2538.77656704482,75.76
1642.073627026,2552.7029947742094,75.77
1642.073827026,2271.9470516573474,75.78
1642.0740270259998,2295.515900426027,75.79
1642.074227026,2299.767304119502,75.8
1642.074427026,2337.48856662711,75.81
1642.074627026,2401.1496440765454,75.82
1642.0748270259999,2458.455494031355,75.83
1642.075027026,2434.938586449981,75.84
1642.075227026,2297.5910801678638,75.85
1642.075427026,2319.2325816764005,75.86
1642.075627026,2456.12073802262,75.87
1642.0758270259998,2224.8505572053405,75.88
1642.076027026,2278.828204819294,75.89
1642.076227026,2347.5255037117554,75.9
1642.076427026,2371.4096555663655,75.91
1642.0766270259999,2423.400386717183,75.92
1642.076827026,2345.1713635993956,75.93
1642.077027026,2384.7801783110353,75.94
1642.077227026,2316.0649439894046,75.95
1642.077427026,2384.053810459336,75.96
1642.0776270259998,2482.2224803731215,75.97
1642.077827026,2461.9276585212115,75.98
1642.078027026,2401.199135482569,75.99
1642.078227026,2450.2542873938246,76.0
1642.0784270259999,2335.322067460336,76.01
1642.078627026,2388.53569453277,76.02
1642.078827026,2342.510538001055,76.03
1642.079027026,2355.734586213116,76.04
1642.079227026,2398.459239996207,76.05
1642.0794270259998,2256.2604024475972,76.06
1642.079627026,2311.2027921512927,76.07
1642.079827026,2471.7083721602244,76.08
1642.080027026,2294.620581490068,76.09
1642.0802270259999,2390.412468887373,76.1
1642.080427026,2254.8788039221213,76.11
1642.080627026,2442.4707883095616,76.12
1642.080827026,2201.557005221789,76.13
1642.081027026,2475.9133386099957,76.14
1642.0812270259999,2344.6274107462223,76.15
1642.081427026,2203.708966057159,76.16
1642.081627026,2206.446107579928,76.17
1642.081827026,2322.7665113805574,76.18
1642.0820270259999,2154.373813530776,76.19
1642.0822270259998,2311.965651544274,76.2
1642.082427026,2393.9349512176955,76.21
1642.082627026,2436.3996476369043,76.22
1642.082827026,2167.3240300219295,76.23
1642.0830270259999,2396.0769433024147,76.24
1642.083227026,2357.4720311278256,76.25
1642.083427026,2420.4667381337467,76.26
1642.083627026,2319.0322343614766,76.27
1642.0838270259999,2183.6482525876436,76.28
1642.0840270259998,2298.2239606132216,76.29
1642.084227026,2183.1962970696977,76.3
1642.084427026,2198.695218425159,76.31
1642.084627026,2243.366883530401,76.32
1642.0848270259999,2243.9880596307166,76.33
1642.085027026,2329.258657188922,76.34
1642.085227026,2399.4767662334925,76.35
1642.085427026,2308.7034022110765,76.36
1642.0856270259999,2367.975898202082,76.37
1642.0858270259998,2317.0390305552232,76.38
1642.086027026,2303.184009749611,76.39
1642.086227026,2341.449649924584,76.4
1642.086427026,2400.5979697593534,76.41
1642.0866270259999,2384.6486075573653,76.42
1642.086827026,2225.893918428732,76.43
1642.087027026,2235.5098631023716,76.44
1642.087227026,2388.1798685548165,76.45
1642.087427026,2380.232110736642,76.46
1642.0876270259998,2318.9745035155547,76.47
1642.087827026,2531.881222281577,76.48
1642.088027026,2430.2470524207397,76.49
1642.088227026,2282.3299288193894,76.5
1642.0884270259999,2257.1725621365194,76.51
1642.088627026,2116.393970646868,76.52
1642.088827026,2338.429534862837,76.53
1642.089027026,2399.943262444898,76.54
1642.089227026,2360.498650004867,76.55
1642.0894270259998,2173.0954016178453,76.56
1642.089627026,2394.9508225095287,76.57
1642.089827026,2115.948530493181,76.58
1642.090027026,2275.335581809426,76.59
1642.0902270259999,2295.3853696488713,76.6
1642.090427026,2328.0014782642506,76.61
1642.090627026,2283.6475064113465,76.62
1642.090827026,2277.3582661261676,76.63
1642.091027026,2291.495665174574,76.64
1642.0912270259998,2274.007419008136,76.65
1642.091427026,2258.14088436078,76.66
1642.091627026,2283.717169639303,76.67
1642.091827026,2282.5916104850803,76.68
1642.0920270259999,2494.857731727691,76.69
1642.092227026,2320.014195156578,76.7
1642.092427026,2347.9396094973486,76.71
1642.092627026,2257.3083779182275,76.72
1642.092827026,2198.182315910802,76.73
1642.0930270259998,2143.0167700570873,76.74
1642.093227026,2175.790205719734,76.75
1642.093427026,2199.822735248438,76.76
1642.093627026,2444.11520775201,76.77
1642.0938270259999,2237.6152849757013,76.78
1642.094027026,2317.453969385596,76.79
1642.094227026,2394.9938056165483,76.8
1642.094427026,2238.2510610143136,76.81
1642.094627026,2223.1677086892023,76.82
1642.0948270259998,2142.0560899199536,76.83
1642.095027026,2518.3669138312275,76.84
1642.095227026,2345.456042144177,76.85
1642.095427026,2270.0754129413385,76.86
1642.0956270259999,2214.6629587682346,76.87
1642.095827026,2245.3797568285586,76.88
1642.096027026,2403.170988552926,76.89
1642.096227026,2328.9179760755196,76.9
1642.096427026,2296.145090433137,76.91
1642.0966270259999,2201.72043712208,76.92
1642.096827026,2211.8559565701253,76.93
1642.097027026,2320.492083197953,76.94
1642.097227026,2334.4452809254385,76.95
1642.0974270259999,2309.797737281502,76.96
1642.0976270259998,2366.830840630724,76.97
1642.097827026,2289.512669561212,76.98
1642.098027026,2275.581005787902,76.99
1642.098227026,2279.9198988484677,77.0
1642.0984270259999,2383.0107535771385,77.01
1642.098627026,2239.042853114403,77.02
1642.098827026,2155.959676400297,77.03
1642.099027026,2289.6449865788577,77.04
1642.0992270259999,2312.967924913092,77.05
1642.0994270259998,2237.0174256819055,77.06
1642.099627026,2247.2072266888763,77.07
1642.099827026,2357.0374451096677,77.08
1642.100027026,2327.8564307357633,77.09
1642.1002270259999,2162.210116423422,77.1
1642.100427026,2213.747549461335,77.11
1642.100627026,2284.105767315099,77.12
1642.100827026,2312.7012604088072,77.13
1642.1010270259999,2195.148136474686,77.14
1642.1012270259998,2283.437871261577,77.15
1642.101427026,2048.843375199643,77.16
1642.101627026,2211.784440304053,77.17
1642.101827026,2278.5269377754516,77.18
1642.1020270259999,2358.32995934479,77.19
1642.102227026,2218.5708911976044,77.2
1642.102427026,2229.0527689325395,77.21
1642.102627026,2336.693320427948,77.22
1642.1028270259999,2436.761805991386,77.23
1642.1030270259998,2245.9340158694263,77.24
1642.103227026,2223.961855088025,77.25
1642.103427026,2186.8992844264894,77.26
1642.103627026,2092.994326393772,77.27
1642.1038270259999,2208.2670035277747,77.28
1642.104027026,2372.5818929572843,77.29
1642.104227026,2255.4145419119077,77.3
1642.104427026,2412.114663018518,77.31
1642.104627026,2249.894413451458,77.32
1642.1048270259998,2303.2682512640854,77.33
1642.105027026,2141.1483426311606,77.34
1642.105227026,2244.034259887744,77.35
1642.105427026,2185.093536483216,77.36
1642.1056270259999,2178.9937339572793,77.37
1642.105827026,2140.5491659417107,77.38
1642.106027026,2387.5459105672567,77.39
1642.106227026,2231.692513729828,77.4
1642.106427026,2056.773707115597,77.41
1642.1066270259998,2274.774038888931,77.42
1642.106827026,2201.4986393008026,77.43
1642.107027026,2210.878696903581,77.44
1642.107227026,2316.9218494618517,77.45
1642.1074270259999,2188.3278445187525,77.46
1642.107627026,2250.808429702803,77.47
1642.107827026,2219.4317951648886,77.48
1642.108027026,2074.087586447361,77.49
1642.108227026,2304.4448140038044,77.5
1642.1084270259998,2244.8847861678337,77.51
1642.108627026,2267.380156215899,77.52
1642.108827026,2298.6527134648322,77.53
1642.109027026,2289.5897707096688,77.54
1642.1092270259999,2287.780198692597,77.55
1642.109427026,2223.009523093739,77.56
1642.109627026,2237.304472271795,77.57
1642.109827026,2303.1333290687407,77.58
1642.110027026,2135.076993502255,77.59
1642.1102270259998,2223.4722648704133,77.6
1642.110427026,2176.7482141897694,77.61
1642.110627026,2123.71009178412,77.62
1642.110827026,2170.299782548513,77.63
1642.1110270259999,2327.9203965600304,77.64
1642.111227026,2346.8031419335025,77.65
1642.111427026,2182.2827387617567,77.66
1642.111627026,2068.9300007895717,77.67
1642.111827026,2204.28073116471,77.68
1642.1120270259999,2205.9882893819245,77.69
1642.112227026,2113.2177508720033,77.7
1642.112427026,2076.3722843060773,77.71
1642.112627026,2105.031040833382,77.72
1642.1128270259999,2106.5780920679554,77.73
1642.1130270259998,2135.66542195531,77.74
1642.113227026,1979.0527825384288,77.75
1642.113427026,2260.5766320703888,77.76
1642.113627026,2134.5233676063262,77.77
1642.1138270259999,2199.46421285573,77.78
1642.114027026,2312.27336346763,77.79
1642.114227026,2225.45364793225,77.8
1642.114427026,2215.6381274532864,77.81
1642.1146270259999,2277.5985649299564,77.82
1642.1148270259998,2158.292556555592,77.83
1642.115027026,2249.9856419466955,77.84
1642.115227026,2258.7554576802268,77.85
1642.115427026,2113.521233011348,77.86
1642.1156270259999,2154.0940475307984,77.87
1642.115827026,2140.5901512303008,77.88
1642.116027026,2260.293014556832,77.89
1642.116227026,1967.1777603588573,77.9
1642.1164270259999,2115.5954830922356,77.91
1642.1166270259998,2154.9876393725826,77.92
1642.116827026,2071.2697536996056,77.93
1642.117027026,2170.1096149975056,77.94
1642.117227026,2321.8963462383017,77.95
1642.1174270259999,2136.6463931270137,77.96
1642.117627026,2199.924546839061,77.97
1642.117827026,2230.306399242735,77.98
1642.118027026,2211.9127639936173,77.99
1642.1182270259999,2141.1983945632733,78.0
1642.1184270259998,2297.5308570775114,78.01
1642.118627026,2142.041795384238,78.02
1642.118827026,2153.6529322386923,78.03
1642.119027026,1996.502277803465,78.04
1642.1192270259999,2267.7009976883655,78.05
1642.119427026,2111.4849042441515,78.06
1642.119627026,2142.3666972168667,78.07
1642.119827026,2138.6719856837817,78.08
1642.120027026,2087.7188295802243,78.09
1642.1202270259998,2213.237566857159,78.1
1642.120427026,2258.048335554029,78.11
1642.120627026,2160.615997696121,78.12
1642.120827026,1936.9452099663108,78.13
1642.1210270259999,2241.1475369504997,78.14
1642.121227026,2188.173379209952,78.15
1642.121427026,2096.5694109139677,78.16
1642.121627026,2213.1165043912606,78.17
1642.121827026,2285.368898582391,78.18
1642.1220270259998,2192.851972200395,78.19
1642.122227026,1954.5585997912322,78.2
1642.122427026,2112.2473470806012,78.21
1642.122627026,2123.699409750015,78.22
1642.1228270259999,2183.8631885634363,78.23
1642.123027026,2233.4980347430064,78.24
1642.123227026,2072.9342200939013,78.25
1642.123427026,2108.806498311176,78.26
1642.123627026,2219.117985586683,78.27
1642.1238270259998,2131.4348140384664,78.28
1642.124027026,2091.197487381489,78.29
1642.124227026,2064.9428021561002,78.3
1642.124427026,2095.152127977139,78.31
1642.1246270259999,2167.1676929575065,78.32
1642.124827026,2180.050901342925,78.33
1642.125027026,2105.467332061235,78.34
1642.125227026,1984.084200658729,78.35
1642.125427026,2014.8522800333144,78.36
1642.1256270259998,2088.309385446608,78.37
1642.125827026,2198.117155668132,78.38
1642.126027026,2226.831438446064,78.39
1642.126227026,2042.8905976043982,78.4
1642.1264270259999,2039.8166558697792,78.41
1642.126627026,2340.165314815058,78.42
1642.126827026,2098.0623711390153,78.43
1642.127027026,1971.0729376439613,78.44
1642.127227026,2151.8937953575755,78.45
1642.1274270259999,2148.694743826616,78.46
1642.127627026,2079.355062559386,78.47
1642.127827026,2200.413319323481,78.48
1642.128027026,2093.7023997511046,78.49
1642.1282270259999,2029.0269187600863,78.5
1642.128427026,2150.1964938244337,78.51
1642.128627026,2156.178639632704,78.52
1642.128827026,2133.655292881038,78.53
1642.129027026,2202.5360175620362,78.54
1642.1292270259999,2140.627973128191,78.55
1642.129427026,2186.535085600832,78.56
1642.129627026,1990.2179849728334,78.57
1642.129827026,2258.367737014776,78.58
1642.1300270259999,2021.877792030344,78.59
1642.1302270259998,2284.4938769608893,78.6
1642.130427026,2243.99446866642,78.61
1642.130627026,2022.4073856735104,78.62
1642.130827026,2209.3745076158884,78.63
1642.1310270259999,1979.0895580344152,78.64
1642.131227026,2021.4473037509185,78.65
1642.131427026,1994.3875648057713,78.66
1642.131627026,2077.0246354197716,78.67
1642.1318270259999,2018.512709517541,78.68
1642.1320270259998,2170.1004653728205,78.69
1642.132227026,2116.5911604659777,78.7
1642.132427026,2189.588153227554,78.71
1642.132627026,2092.1359801427843,78.72
1642.1328270259999,2067.952247749152,78.73
1642.133027026,2212.2225141473587,78.74
1642.133227026,2135.575572462644,78.75
1642.133427026,2112.788440483244,78.76
1642.1336270259999,2002.7787134392966,78.77
1642.1338270259998,2126.3645583931943,78.78
1642.134027026,2092.366979907123,78.79
1642.134227026,2153.0089515758573,78.8
1642.134427026,2100.38405457997,78.81
1642.1346270259999,2030.450263401251,78.82
1642.134827026,2124.5241218789115,78.83
1642.135027026,2103.3501561753537,78.84
1642.135227026,2115.757662302421,78.85
1642.135427026,2053.87718063596,78.86
1642.1356270259998,2131.941884749769,78.87
1642.135827026,2216.7649563427585,78.88
1642.136027026,2074.8761123628706,78.89
1642.136227026,2093.413820787725,78.9
1642.1364270259999,2113.740986362588,78.91
1642.136627026,2023.9765180882891,78.92
1642.136827026,1988.772157922092,78.93
1642.137027026,2136.75743082889,78.94
1642.137227026,2154.541409606709,78.95
1642.1374270259998,1973.6117221905279,78.96
1642.137627026,2039.0184317838537,78.97
1642.137827026,2099.0475733908506,78.98
1642.138027026,2081.996517341219,78.99
1642.1382270259999,1977.4402258255595,79.0
1642.138427026,2046.4195235681893,79.01
1642.138627026,2049.3229411521397,79.02
1642.138827026,2080.369152749398,79.03
1642.139027026,2167.160797513693,79.04
1642.1392270259998,2082.6534406086835,79.05
1642.139427026,1982.080181450671,79.06
1642.139627026,2174.3979193257974,79.07
1642.139827026,2052.8430900867106,79.08
1642.1400270259999,2175.1295158971984,79.09
1642.140227026,2057.34285961046,79.1
1642.140427026,2002.7686189521219,79.11
1642.140627026,2135.6314596135344,79.12
1642.140827026,2097.416242124593,79.13
1642.1410270259998,2112.786093977935,79.14
1642.141227026,2009.1232931655338,79.15
1642.141427026,2026.6383608643257,79.16
1642.141627026,2103.7272676384046,79.17
1642.1418270259999,2036.0070557015745,79.18
1642.142027026,1925.801771698246,79.19
1642.142227026,2022.1975702820862,79.2
1642.142427026,2133.5812080449423,79.21
1642.142627026,1889.993945952165,79.22
1642.1428270259998,2080.965148147088,79.23
1642.143027026,2008.0670024558185,79.24
1642.143227026,2053.7850241997266,79.25
1642.143427026,2090.805249125719,79.26
1642.1436270259999,2001.1075355498099,79.27
1642.143827026,2135.9340273170965,79.28
1642.144027026,2164.8899555221756,79.29
1642.144227026,2183.74871794622,79.3
1642.144427026,1979.820527026513,79.31
1642.1446270259999,2059.8602545634126,79.32
1642.144827026,1942.1334907670541,79.33
1642.145027026,2006.859067617955,79.34
1642.145227026,1975.513983249387,79.35
1642.1454270259999,1978.0886949619107,79.36
1642.1456270259998,2062.741732965709,79.37
1642.145827026,2032.0716901489063,79.38
1642.146027026,2073.577820783514,79.39
1642.146227026,2021.3464613681492,79.4
1642.1464270259999,2128.847927916929,79.41
1642.146627026,1970.2653705744035,79.42
1642.146827026,2084.1109332395713,79.43
1642.147027026,1927.8398449528845,79.44
1642.1472270259999,2059.276999946925,79.45
1642.1474270259998,1919.3635195872823,79.46
1642.147627026,2105.634476907678,79.47
1642.147827026,1868.237487117132,79.48
1642.148027026,2194.448789990342,79.49
1642.1482270259999,1980.2160090363695,79.5
1642.148427026,2061.0799490877807,79.51
1642.148627026,2175.952837851589,79.52
1642.148827026,2000.6514019417148,79.53
1642.1490270259999,2012.1856955893672,79.54
1642.1492270259998,2051.052928309816,79.55
1642.149427026,1908.0997964133228,79.56
1642.149627026,2010.319199128267,79.57
1642.149827026,2013.5283464196764,79.58
1642.1500270259999,1990.178305377492,79.59
1642.150227026,2031.2901505518134,79.6
1642.150427026,1922.7139692935116,79.61
1642.150627026,2176.4989086832074,79.62
1642.150827026,2128.538957116324,79.63
1642.1510270259998,2083.2280746270967,79.64
1642.151227026,2035.1533407788656,79.65
1642.151427026,2099.3057832232566,79.66
1642.151627026,1920.249818772735,79.67
1642.1518270259999,1982.853450944049,79.68
1642.152027026,1898.9990876360155,79.69
1642.152227026,2105.200485196653,79.7
1642.152427026,2210.3019893602163,79.71
1642.152627026,1992.89790665887,79.72
1642.1528270259998,2001.0668611071337,79.73
1642.153027026,2119.5341241526958,79.74
1642.153227026,2043.8868108178056,79.75
1642.153427026,2087.2827297803224,79.76
1642.1536270259999,1988.2317725422554,79.77
1642.153827026,2052.935204220221,79.78
1642.154027026,1987.5163063532148,79.79
1642.154227026,2167.707549635004,79.8
1642.154427026,2161.9289820755594,79.81
1642.1546270259998,2024.502612640909,79.82
1642.154827026,2081.3143329328454,79.83
1642.155027026,2008.7032938262455,79.84
1642.155227026,2019.9293081975334,79.85
1642.1554270259999,1980.6412785887726,79.86
1642.155627026,1945.9753334407574,79.87
1642.155827026,2000.596465989504,79.88
1642.156027026,1997.4251372093436,79.89
1642.156227026,1959.3389620482442,79.9
1642.1564270259998,1996.1309636356984,79.91
1642.156627026,2063.7012707368253,79.92
1642.156827026,2078.78582476261,79.93
1642.157027026,2126.954735772664,79.94
1642.1572270259999,2013.0464277871504,79.95
1642.157427026,2114.1997025576215,79.96
1642.157627026,1906.7723061499307,79.97
1642.157827026,1912.215342461706,79.98
1642.158027026,1877.9006090453217,79.99
1642.1582270259998,2024.710479493708,80.0
1642.158427026,1998.3157999161601,80.01
1642.158627026,2025.1010760000802,80.02
1642.158827026,2017.771536269699,80.03
1642.1590270259999,2006.9870005455516,80.04
1642.159227026,1956.6660321142087,80.05
1642.159427026,2011.5723422112642,80.06
1642.159627026,2013.7059235712677,80.07
1642.159827026,1909.084679147768,80.08
1642.1600270259999,1949.204050873567,80.09
1642.160227026,2051.898024478792,80.1
1642.160427026,2013.2632058373329,80.11
1642.160627026,1984.5450180840132,80.12
1642.1608270259999,1985.2421759051986,80.13
1642.1610270259998,1975.693275864077,80.14
1642.161227026,1982.454766042452,80.15
1642.161427026,1985.3091658433614,80.16
1642.161627026,1992.6558516042376,80.17
1642.1618270259999,1966.3914222682104,80.18
1642.162027026,1960.760561072975,80.19
1642.162227026,1980.5595366589873,80.2
1642.162427026,1977.0340342152833,80.21
1642.1626270259999,1989.6554076548582,80.22
1642.1628270259998,1972.1893701364813,80.23
1642.163027026,1941.86026377121,80.24
1642.163227026,1915.8124860723865,80.25
1642.163427026,2021.7284089880511,80.26
1642.1636270259999,2044.2352767278987,80.27
1642.163827026,1948.6316463791318,80.28
1642.164027026,1980.953879579788,80.29
1642.164227026,1983.3368062836175,80.3
1642.1644270259999,1974.0910494695877,80.31
1642.1646270259998,1885.0265862160682,80.32
1642.164827026,1950.528594318567,80.33
1642.165027026,1977.3222576171986,80.34
1642.165227026,1977.9351159117787,80.35
1642.1654270259999,1973.0823052207286,80.36
1642.165627026,1908.6023381313923,80.37
1642.165827026,1969.0425284323667,80.38
1642.166027026,1965.1422888656055,80.39
1642.166227026,1942.4166102897698,80.4
1642.1664270259998,1921.0125180423968,80.41
1642.166627026,1946.539924817168,80.42
1642.166827026,1990.4691289127418,80.43
1642.167027026,1940.2771481108364,80.44
1642.1672270259999,1966.7804919837176,80.45
1642.167427026,2007.2022867484754,80.46
1642.167627026,1940.4498533543872,80.47
1642.167827026,1948.76967099701,80.48
1642.168027026,1926.8146351791622,80.49
1642.1682270259998,1917.1245797650674,80.5
1642.168427026,1953.5187818289583,80.51
1642.168627026,1936.74569257471,80.52
1642.168827026,1993.3974692458478,80.53
1642.1690270259999,1983.7898192510509,80.54
1642.169227026,1932.6916370055865,80.55
1642.169427026,2016.2712122187768,80.56
1642.169627026,1934.6719466581221,80.57
1642.169827026,1954.3018389049396,80.58
1642.1700270259998,1950.6965397038532,80.59
1642.170227026,1933.9249788102907,80.6
1642.170427026,1910.5826841234657,80.61
1642.170627026,1900.9320533578393,80.62
1642.1708270259999,1931.9962921603073,80.63
1642.171027026,1940.131711289368,80.64
1642.171227026,1997.2132572388375,80.65
1642.171427026,1911.3118039463843,80.66
1642.171627026,1943.100716325647,80.67
1642.1718270259998,1871.9480879637556,80.68
1642.172027026,1882.4203436836074,80.69
1642.172227026,1970.5848510588792,80.7
1642.172427026,1935.1867977547588,80.71
1642.1726270259999,1862.704662205477,80.72
1642.172827026,1964.7533106945534,80.73
1642.173027026,1887.1583306447992,80.74
1642.173227026,1975.2687891748794,80.75
1642.173427026,1949.8580558735973,80.76
1642.1736270259998,1887.0057521382846,80.77
1642.173827026,1855.2327334513398,80.78
1642.174027026,1825.4747870808515,80.79
1642.174227026,1921.520566569687,80.8
1642.1744270259999,1819.3891628493539,80.81
1642.174627026,1938.1440528483042,80.82
1642.174827026,1894.547883764674,80.83
1642.175027026,1872.8727167657012,80.84
1642.175227026,1908.983612524076,80.85
1642.1754270259999,1958.135322726701,80.86
1642.175627026,1974.965833377519,80.87
1642.175827026,1927.6925736228384,80.88
1642.176027026,1866.5048266580818,80.89
1642.1762270259999,1940.6576773022744,80.9
1642.1764270259998,1886.7405070626262,80.91
1642.176627026,1871.4131585207251,80.92
1642.176827026,1907.5042100127348,80.93
1642.177027026,1881.743352126842,80.94
1642.1772270259999,1938.926666307026,80.95
1642.177427026,1984.8544408780567,80.96
1642.177627026,1861.0927232740205,80.97
1642.177827026,1873.992856268472,80.98
1642.1780270259999,1897.4187803919556,80.99
1642.1782270259998,1863.106929946262,81.0
1642.178427026,1882.7976107272061,81.01
1642.178627026,1956.9492555362883,81.02
1642.178827026,1944.6988917866674,81.03
1642.1790270259999,1797.1276814499665,81.04
1642.179227026,1906.3517070134233,81.05
1642.179427026,1895.4961736159673,81.06
1642.179627026,1905.4885540453367,81.07
1642.1798270259999,1835.619013943639,81.08
1642.1800270259998,1944.1691119983038,81.09
1642.180227026,1896.6142284534483,81.1
1642.180427026,1844.1483346615278,81.11
1642.180627026,1911.2636669501342,81.12
1642.1808270259999,1852.9543803919682,81.13
1642.181027026,1876.5754811316394,81.14
1642.181227026,1873.7467257777093,81.15
1642.181427026,1877.3005461607722,81.16
1642.181627026,1914.503177420766,81.17
1642.1818270259998,1956.89488141753,81.18
1642.182027026,1891.4937689951787,81.19
1642.182227026,1848.7191495331333,81.2
1642.182427026,1842.4812375459712,81.21
1642.1826270259999,1846.1840602998827,81.22
1642.182827026,1960.3894960284829,81.23
1642.183027026,1841.919803395887,81.24
1642.183227026,1875.5945450125603,81.25
1642.183427026,1882.0006581519751,81.26
1642.1836270259998,1870.2281995488893,81.27
1642.183827026,1903.7134459434894,81.28
1642.184027026,1833.525325589888,81.29
1642.184227026,1891.9307741565653,81.3
1642.1844270259999,1816.523819912015,81.31
1642.184627026,1865.2759426577,81.32
1642.184827026,1870.2315020705194,81.33
1642.185027026,1917.3858832702929,81.34
1642.185227026,1809.5756809634438,81.35
1642.1854270259998,1912.6464547801686,81.36
1642.185627026,1847.373016971707,81.37
1642.185827026,1948.396149190817,81.38
1642.186027026,1899.595289751928,81.39
1642.1862270259999,1879.561944941754,81.4
1642.186427026,1814.4083009262847,81.41
1642.186627026,1855.3032335526536,81.42
1642.186827026,1822.3763821916464,81.43
1642.187027026,1780.4519565002013,81.44
1642.1872270259998,1846.1838780293274,81.45
1642.187427026,1863.892177117868,81.46
1642.187627026,1859.536529090255,81.47
1642.187827026,1825.3674550486667,81.48
1642.1880270259999,1876.7517079493637,81.49
1642.188227026,1863.044438945207,81.5
1642.188427026,1833.3042481156915,81.51
1642.188627026,1872.020924158088,81.52
1642.188827026,1845.1856504235363,81.53
1642.1890270259998,1837.7850763229642,81.54
1642.189227026,1909.3235902471172,81.55
1642.189427026,1879.7377716308679,81.56
1642.189627026,1903.0144786760397,81.57
1642.1898270259999,1845.3335025971742,81.58
1642.190027026,1834.3583381362325,81.59
1642.190227026,1878.1182473073402,81.6
1642.190427026,1790.2962369306265,81.61
1642.190627026,1796.3620427764877,81.62
1642.1908270259999,1842.8951681822457,81.63
1642.191027026,1839.1075378750077,81.64
1642.191227026,1784.020123671161,81.65
1642.191427026,1733.3533212685616,81.66
1642.1916270259999,1840.7009685457788,81.67
1642.1918270259998,1788.9433914891083,81.68
1642.192027026,1884.936779090427,81.69
1642.192227026,1863.6084835004883,81.7
1642.192427026,1845.682197642784,81.71
1642.1926270259999,1816.8330538368655,81.72
1642.192827026,1851.3678708983225,81.73
1642.193027026,1822.6324721402525,81.74
1642.193227026,1800.2606282742022,81.75
1642.1934270259999,1823.1361922843923,81.76
1642.1936270259998,1870.8718129309295,81.77
1642.193827026,1751.299892717585,81.78
1642.194027026,1804.0807319984121,81.79
1642.194227026,1877.1364155384395,81.8
1642.1944270259999,1765.1343108130611,81.81
1642.194627026,1806.9567661279334,81.82
1642.194827026,1821.2939654985353,81.83
1642.195027026,1791.141714040376,81.84
1642.1952270259999,1821.0054794688908,81.85
1642.1954270259998,1784.9235497715144,81.86
1642.195627026,1809.89439157677,81.87
1642.195827026,1747.956218202929,81.88
1642.196027026,1825.3101618534172,81.89
1642.1962270259999,1825.5600444366112,81.9
1642.196427026,1788.7325729792517,81.91
1642.196627026,1815.642545268105,81.92
1642.196827026,1775.974532778,81.93
1642.197027026,1856.4432773734309,81.94
1642.1972270259998,1795.9623689456498,81.95
1642.197427026,1812.329882978517,81.96
1642.197627026,1770.6932977277306,81.97
1642.197827026,1818.1862556569874,81.98
1642.1980270259999,1814.847416114777,81.99
1642.198227026,1775.241438466056,82.0
1642.198427026,1756.8640555632287,82.01
1642.198627026,1892.880025695101,82.02
1642.198827026,1787.7689705548023,82.03
1642.1990270259998,1809.0222344526326,82.04
1642.199227026,1840.118196169422,82.05
1642.199427026,1769.1254305998043,82.06
1642.199627026,1755.3356016685052,82.07
1642.1998270259999,1789.7434542904884,82.08
1642.200027026,1859.0040870063665,82.09
1642.200227026,1767.2800595237254,82.1
1642.200427026,1850.140353167052,82.11
1642.200627026,1742.3010493606928,82.12
1642.2008270259998,1812.1694044242586,82.13
1642.201027026,1813.0708291488231,82.14
1642.201227026,1753.3970130603325,82.15
1642.201427026,1786.8250430468368,82.16
1642.2016270259999,1715.0850938996132,82.17
1642.201827026,1781.5833085170666,82.18
1642.202027026,1800.1939910853432,82.19
1642.202227026,1797.5271714432604,82.2
1642.202427026,1802.0849766193114,82.21
1642.2026270259998,1754.7253771648661,82.22
1642.202827026,1766.6550295834259,82.23
1642.203027026,1842.3196706272872,82.24
1642.203227026,1781.8675774281448,82.25
1642.2034270259999,1823.6085956866702,82.26
1642.203627026,1824.6894447092413,82.27
1642.203827026,1776.794687275512,82.28
1642.204027026,1732.4727621018244,82.29
1642.204227026,1800.1364535498815,82.3
1642.2044270259998,1748.6040315225462,82.31
1642.204627026,1816.100040918962,82.32
1642.204827026,1771.0573141879165,82.33
1642.205027026,1746.3769376579244,82.34
1642.2052270259999,1777.8634447323645,82.35
1642.205427026,1865.0022114550814,82.36
1642.205627026,1731.186354632193,82.37
1642.205827026,1675.2490741373758,82.38
1642.206027026,1758.8730595168242,82.39
1642.2062270259999,1752.7214500382258,82.4
1642.206427026,1837.5516883720322,82.41
1642.206627026,1772.674986029353,82.42
1642.206827026,1727.144131469347,82.43
1642.2070270259999,1751.822684125845,82.44
1642.2072270259998,1823.122887158349,82.45
1642.207427026,1763.0402440704054,82.46
1642.207627026,1795.490356153808,82.47
1642.207827026,1769.371597667013,82.48
1642.2080270259999,1757.8253527213444,82.49
1642.208227026,1793.8291717210618,82.5
1642.208427026,1740.9869731449564,82.51
1642.208627026,1682.6351564020704,82.52
1642.2088270259999,1780.0932376361898,82.53
1642.2090270259998,1724.4857806918678,82.54
1642.209227026,1784.2899005557183,82.55
1642.209427026,1805.2081085111383,82.56
1642.209627026,1776.6770680173602,82.57
1642.2098270259999,1773.3522943861587,82.58
1642.210027026,1693.010013113476,82.59
1642.210227026,1828.2594779509025,82.6
1642.210427026,1745.9310414638765,82.61
1642.2106270259999,1707.7757425578743,82.62
1642.2108270259998,1726.0184541540093,82.63
1642.211027026,1761.563515641355,82.64
1642.211227026,1702.0766497745633,82.65
1642.211427026,1623.9693729476505,82.66
1642.2116270259999,1751.534825224852,82.67
1642.211827026,1682.5456472445967,82.68
1642.212027026,1763.4124082096414,82.69
1642.212227026,1679.4058550117943,82.7
1642.212427026,1687.0362271028187,82.71
1642.2126270259998,1805.500580879085,82.72
1642.212827026,1747.970371809572,82.73
1642.213027026,1658.26145453446,82.74
1642.213227026,1726.0685314152024,82.75
1642.2134270259999,1631.6922484161828,82.76
1642.213627026,1755.6550786548316,82.77
1642.213827026,1627.0814390409178,82.78
1642.214027026,1692.7582090948017,82.79
1642.214227026,1687.9898182852903,82.8
1642.2144270259998,1743.4870825645755,82.81
1642.214627026,1759.5625746074938,82.82
1642.214827026,1681.5223929522806,82.83
1642.215027026,1643.3326379118485,82.84
1642.2152270259999,1756.8000493940608,82.85
1642.215427026,1719.4213958866758,82.86
1642.215627026,1721.458374005381,82.87
1642.215827026,1775.3578648859047,82.88
1642.216027026,1756.7222700554903,82.89
1642.2162270259998,1691.7967063238002,82.9
1642.216427026,1669.499682566643,82.91
1642.216627026,1638.255534519875,82.92
1642.216827026,1752.6780162809705,82.93
1642.2170270259999,1706.3762000262989,82.94
1642.217227026,1674.3181454715589,82.95
1642.217427026,1660.6464752306506,82.96
1642.217627026,1692.756865353449,82.97
1642.217827026,1698.7738242714652,82.98
1642.2180270259998,1768.3265060465437,82.99
1642.218227026,1681.1804732007975,83.0
1642.218427026,1681.990166423618,83.01
1642.218627026,1644.3699328078426,83.02
1642.2188270259999,1745.5662686539893,83.03
1642.219027026,1729.6364625545011,83.04
1642.219227026,1735.0174138989134,83.05
1642.219427026,1707.7482811788764,83.06
1642.219627026,1738.1899532991888,83.07
1642.2198270259998,1681.2591343673116,83.08
1642.220027026,1714.9102413142716,83.09
1642.220227026,1697.5944864163203,83.1
1642.220427026,1693.3552905519502,83.11
1642.2206270259999,1696.7979069508146,83.12
1642.220827026,1749.5914806385788,83.13
1642.221027026,1669.3096737761366,83.14
1642.221227026,1643.6192337286902,83.15
1642.221427026,1648.7171333162844,83.16
1642.2216270259999,1726.769560450949,83.17
1642.221827026,1676.8510319225513,83.18
1642.222027026,1653.1396649869414,83.19
1642.222227026,1696.597836428964,83.2
1642.2224270259999,1609.8758995336684,83.21
1642.2226270259998,1650.5311920382271,83.22
1642.222827026,1723.8296919475586,83.23
1642.223027026,1665.2205701300356,83.24
1642.223227026,1676.314713070421,83.25
1642.2234270259999,1670.545333069404,83.26
1642.223627026,1600.5167143179806,83.27
1642.223827026,1629.2231853897088,83.28
1642.224027026,1665.384664413511,83.29
1642.2242270259999,1668.4491251214845,83.3
1642.2244270259998,1747.9374991651528,83.31
1642.224627026,1691.496665772683,83.32
1642.224827026,1666.213542819751,83.33
1642.225027026,1639.7769006413507,83.34
1642.2252270259999,1610.6868358449701,83.35
1642.225427026,1614.5086436216338,83.36
1642.225627026,1680.2622534771053,83.37
1642.225827026,1607.666578293059,83.38
1642.2260270259999,1636.8439400371722,83.39
1642.2262270259998,1621.359160569562,83.4
1642.226427026,1661.6127491331783,83.41
1642.226627026,1717.5711158667964,83.42
1642.226827026,1684.5603269689568,83.43
1642.2270270259999,1670.4772508444455,83.44
1642.227227026,1697.0168308207872,83.45
1642.227427026,1660.965376867505,83.46
1642.227627026,1667.8864187258528,83.47
1642.2278270259999,1717.8264417841547,83.48
1642.2280270259998,1662.9592865808368,83.49
1642.228227026,1675.0299080441853,83.5
1642.228427026,1711.9589604053483,83.51
1642.228627026,1653.3680380044705,83.52
1642.2288270259999,1593.664727490009,83.53
1642.229027026,1629.1888813038074,83.54
1642.229227026,1600.042195997857,83.55
1642.229427026,1625.9205682191084,83.56
1642.229627026,1720.4190931986843,83.57
1642.2298270259998,1619.3290054560405,83.58
1642.230027026,1578.1091682246456,83.59
1642.230227026,1666.7816727207469,83.6
1642.230427026,1616.3567148990148,83.61
1642.2306270259999,1673.6982110356441,83.62
1642.230827026,1592.1353576065972,83.63
1642.231027026,1690.6396111225267,83.64
1642.231227026,1690.6002053323746,83.65
1642.231427026,1696.669362529539,83.66
1642.2316270259998,1578.4147684854056,83.67
1642.231827026,1620.942373717431,83.68
1642.232027026,1641.325432752171,83.69
1642.232227026,1506.1681202015452,83.7
1642.2324270259999,1622.70115489447,83.71
1642.232627026,1643.5825147527046,83.72
1642.232827026,1606.1627848870862,83.73
1642.233027026,1592.745060778406,83.74
1642.233227026,1579.5589847119859,83.75
1642.2334270259998,1615.012870556202,83.76
1642.233627026,1668.0640570395092,83.77
1642.233827026,1639.4518913533009,83.78
1642.234027026,1628.8519772695415,83.79
1642.2342270259999,1591.6610750189946,83.8
1642.234427026,1555.8448757509018,83.81
1642.234627026,1646.998328579195,83.82
1642.234827026,1538.4353670913677,83.83
1642.235027026,1652.1350335098084,83.84
1642.2352270259998,1605.122971084138,83.85
1642.235427026,1591.8591419065654,83.86
1642.235627026,1617.7807091089858,83.87
1642.235827026,1663.0320134201752,83.88
1642.2360270259999,1567.146438871204,83.89
1642.236227026,1629.5680147372727,83.9
1642.236427026,1583.4954084268916,83.91
1642.236627026,1644.800451582632,83.92
1642.236827026,1576.2921756248002,83.93
1642.2370270259999,1590.0706138804537,83.94
1642.237227026,1565.4241708501404,83.95
1642.237427026,1611.4279576424824,83.96
1642.237627026,1619.5235547920438,83.97
1642.2378270259999,1609.3360195576245,83.98
1642.2380270259998,1588.5438868149022,83.99
1642.238227026,1630.1453311500654,84.0
1642.238427026,1628.6732380720325,84.01
1642.238627026,1571.0174763271723,84.02
1642.2388270259999,1619.727945558034,84.03
1642.239027026,1632.7676862186177,84.04
1642.239227026,1590.5184451820714,84.05
1642.239427026,1591.3180808259535,84.06
1642.2396270259999,1607.6947662828438,84.07
1642.2398270259998,1619.7367808602921,84.08
1642.240027026,1603.3044982183765,84.09
1642.240227026,1635.6404391215904,84.1
1642.240427026,1612.8208622259503,84.11
1642.2406270259999,1619.8303582199433,84.12
1642.240827026,1633.9391446398276,84.13
1642.241027026,1586.6138316803958,84.14
1642.241227026,1559.5908318982445,84.15
1642.2414270259999,1572.6788390139263,84.16
1642.2416270259998,1683.4557557849253,84.17
1642.241827026,1571.4307592762732,84.18
1642.242027026,1541.1153584994258,84.19
1642.242227026,1631.882789947952,84.2
1642.2424270259999,1529.70893315791,84.21
1642.242627026,1551.3082105380809,84.22
1642.242827026,1593.7173497970343,84.23
1642.243027026,1622.831504009385,84.24
1642.2432270259999,1578.8941342713426,84.25
1642.2434270259998,1560.9760119555222,84.26
1642.243627026,1580.2749615056568,84.27
1642.243827026,1582.084330159615,84.28
1642.244027026,1460.0576519501371,84.29
1642.2442270259999,1522.384257621795,84.3
1642.244427026,1615.1489351525697,84.31
1642.244627026,1540.381280194474,84.32
1642.244827026,1612.1579379009156,84.33
1642.245027026,1601.566993270941,84.34
1642.2452270259998,1653.3019206883012,84.35
1642.245427026,1509.1705300149454,84.36
1642.245627026,1616.6928545816709,84.37
1642.245827026,1549.8296696818352,84.38
1642.2460270259999,1623.6442863665307,84.39
1642.246227026,1578.9655762550544,84.4
1642.246427026,1514.9379278228723,84.41
1642.246627026,1557.04650028775,84.42
1642.246827026,1599.5066188926653,84.43
1642.2470270259998,1538.037712507735,84.44
1642.247227026,1560.8015824700929,84.45
1642.247427026,1561.1137024690138,84.46
1642.247627026,1539.4659337784374,84.47
1642.2478270259999,1539.8433441762704,84.48
1642.248027026,1570.7645552434337,84.49
1642.248227026,1611.1067507172743,84.5
1642.248427026,1538.6616339526606,84.51
1642.248627026,1590.7389905864566,84.52
1642.2488270259998,1531.1227425456434,84.53
1642.249027026,1536.6170225792978,84.54
1642.249227026,1608.8468188402594,84.55
1642.249427026,1565.053569381207,84.56
1642.2496270259999,1568.4679264225688,84.57
1642.249827026,1544.4391640296285,84.58
1642.250027026,1551.0301575993965,84.59
1642.250227026,1589.1325628765494,84.6
1642.250427026,1491.6208826955578,84.61
1642.2506270259998,1579.7643039436618,84.62
1642.250827026,1527.8887401489449,84.63
1642.251027026,1503.7442067071172,84.64
1642.251227026,1574.5315952791468,84.65
1642.2514270259999,1521.2260857017611,84.66
1642.251627026,1564.6823273839373,84.67
1642.251827026,1574.3930121504845,84.68
1642.252027026,1583.0635996629233,84.69
1642.252227026,1462.7373548210858,84.7
1642.2524270259999,1493.6100225773805,84.71
1642.252627026,1534.5983832398438,84.72
1642.252827026,1451.0129910259013,84.73
1642.253027026,1511.273409795477,84.74
1642.2532270259999,1452.8710613373248,84.75
1642.253427026,1576.222858481402,84.76
1642.253627026,1554.6459478459958,84.77
1642.253827026,1461.0452546669444,84.78
1642.254027026,1611.1613594371504,84.79
1642.2542270259999,1513.4844875771985,84.8
1642.254427026,1500.4254128303958,84.81
1642.254627026,1578.5328961042546,84.82
1642.254827026,1435.003946757321,84.83
1642.2550270259999,1523.4467320474769,84.84
1642.2552270259998,1516.6439325058295,84.85
1642.255427026,1480.2453895284966,84.86
1642.255627026,1433.7308902049954,84.87
1642.255827026,1490.9466141373246,84.88
1642.2560270259999,1531.0437489837238,84.89
1642.256227026,1520.5729586479295,84.9
1642.256427026,1566.4335006021336,84.91
1642.256627026,1472.8654246780889,84.92
1642.2568270259999,1466.008775773788,84.93
1642.2570270259998,1536.2056035211122,84.94
1642.257227026,1433.7391741909246,84.95
1642.257427026,1476.9214800771902,84.96
1642.257627026,1525.7557615618239,84.97
1642.2578270259999,1475.3897126415047,84.98
1642.258027026,1523.4181058667934,84.99
1642.258227026,1538.51664510102,85.0
1642.258427026,1484.5810568328848,85.01
1642.2586270259999,1545.381165813051,85.02
1642.2588270259998,1567.8795928211232,85.03
1642.259027026,1505.9776707282022,85.04
1642.259227026,1394.0424323982306,85.05
1642.259427026,1495.1253255376746,85.06
1642.2596270259999,1489.577698324062,85.07
1642.259827026,1507.4044253054294,85.08
1642.260027026,1462.7985165885088,85.09
1642.260227026,1522.58352589197,85.1
1642.260427026,1568.3415803498417,85.11
1642.2606270259998,1510.4567604250715,85.12
1642.260827026,1432.0602774609727,85.13
1642.261027026,1453.680385257036,85.14
1642.261227026,1465.0163901912058,85.15
1642.2614270259999,1438.649209908615,85.16
1642.261627026,1482.8480485659659,85.17
1642.261827026,1434.826397357619,85.18
1642.262027026,1465.0791213031375,85.19
1642.262227026,1478.7046716844986,85.2
1642.2624270259998,1500.2014466653172,85.21
1642.262627026,1446.0383101514738,85.22
1642.262827026,1454.5113814941806,85.23
1642.263027026,1424.7528856954802,85.24
1642.2632270259999,1390.773880942062,85.25
1642.263427026,1473.066359490328,85.26
1642.263627026,1441.8572780211289,85.27
1642.263827026,1470.2466643944754,85.28
1642.264027026,1431.0343463876357,85.29
1642.2642270259998,1401.1365691132685,85.3
1642.264427026,1410.898362816997,85.31
1642.264627026,1504.462448625601,85.32
1642.264827026,1429.152063805096,85.33
1642.2650270259999,1441.31581778506,85.34
1642.265227026,1501.4380712074187,85.35
1642.265427026,1474.9733315439194,85.36
1642.265627026,1364.9952959340383,85.37
1642.265827026,1467.4144763753209,85.38
1642.2660270259998,1429.464508335339,85.39
1642.266227026,1468.8548007173245,85.4
1642.266427026,1470.107584962503,85.41
1642.266627026,1471.0182191876913,85.42
1642.2668270259999,1488.797344664832,85.43
1642.267027026,1461.9978298050532,85.44
1642.267227026,1494.1107700179714,85.45
1642.267427026,1483.6815947666353,85.46
1642.267627026,1440.9473005434334,85.47
1642.2678270259998,1444.6939427595582,85.48
1642.268027026,1459.5635504793981,85.49
1642.268227026,1385.8421747761047,85.5
1642.268427026,1450.9361881815332,85.51
1642.2686270259999,1526.6979711248937,85.52
1642.268827026,1516.5691187981718,85.53
1642.269027026,1497.9220887205006,85.54
1642.269227026,1487.4907750723771,85.55
1642.269427026,1427.0516258171363,85.56
1642.2696270259999,1414.2681558443414,85.57
1642.269827026,1385.2228472706327,85.58
1642.270027026,1472.0689397176868,85.59
1642.270227026,1481.991994570143,85.6
1642.2704270259999,1466.0522001031436,85.61
1642.2706270259998,1445.5202208827093,85.62
1642.270827026,1415.7058219128294,85.63
1642.271027026,1527.8769351785336,85.64
1642.271227026,1469.1507024584664,85.65
1642.2714270259999,1435.7068416151042,85.66
1642.271627026,1438.617525869381,85.67
1642.271827026,1456.396813728244,85.68
1642.272027026,1452.2572523119031,85.69
1642.2722270259999,1480.1868388525236,85.7
1642.2724270259998,1398.6340316924238,85.71
1642.272627026,1484.3080957404693,85.72
1642.272827026,1427.777588696411,85.73
1642.273027026,1453.7570409648854,85.74
1642.2732270259999,1450.6731599765662,85.75
1642.273427026,1437.1214512245997,85.76
1642.273627026,1420.8145838777616,85.77
1642.273827026,1484.6315472591782,85.78
1642.2740270259999,1425.094145907437,85.79
1642.2742270259998,1400.0759324740657,85.8
1642.274427026,1451.5267220313726,85.81
1642.274627026,1402.4213753974761,85.82
1642.274827026,1420.5924668966072,85.83
1642.2750270259999,1391.5204730152363,85.84
1642.275227026,1371.8900796002483,85.85
1642.275427026,1430.843407100447,85.86
1642.275627026,1444.8871917494976,85.87
1642.275827026,1384.4744778660327,85.88
1642.2760270259998,1393.6639615165784,85.89
1642.276227026,1449.1473771684186,85.9
1642.276427026,1449.327214946154,85.91
1642.276627026,1462.9513047985854,85.92
1642.2768270259999,1378.0787402262442,85.93
1642.277027026,1391.2018012959772,85.94
1642.277227026,1343.9403631380978,85.95
1642.277427026,1441.8837965443065,85.96
1642.277627026,1463.959288334711,85.97
1642.2778270259998,1422.2504871757828,85.98
1642.278027026,1460.990288940969,85.99
1642.278227026,1393.32096751875,86.0
1642.278427026,1417.1122312880884,86.01
1642.2786270259999,1444.4731119186793,86.02
1642.278827026,1420.362265140262,86.03
1642.279027026,1407.1960238882887,86.04
1642.279227026,1395.1857197669876,86.05
1642.279427026,1422.1668344120794,86.06
1642.2796270259998,1474.9609421553625,86.07
1642.279827026,1382.6915783909724,86.08
1642.280027026,1388.8619293415804,86.09
1642.280227026,1339.3669666562316,86.1
1642.2804270259999,1376.3734117619767,86.11
1642.280627026,1347.087750608786,86.12
1642.280827026,1364.4905365161271,86.13
1642.281027026,1334.3000154039835,86.14
1642.281227026,1396.5499236174617,86.15
1642.2814270259998,1345.6635745436583,86.16
1642.281627026,1411.5849158507942,86.17
1642.281827026,1377.8258495743096,86.18
1642.282027026,1387.9953864435374,86.19
1642.2822270259999,1356.5471982244699,86.2
1642.282427026,1339.0841913447648,86.21
1642.282627026,1346.5292678790092,86.22
1642.282827026,1371.5326625026885,86.23
1642.283027026,1385.65389373779,86.24
1642.2832270259998,1384.9012110792155,86.25
1642.283427026,1420.3248839545874,86.26
1642.283627026,1322.6261722330519,86.27
1642.283827026,1386.0847144675365,86.28
1642.2840270259999,1398.2332287228294,86.29
1642.284227026,1400.9982189420402,86.3
1642.284427026,1349.3983270861547,86.31
1642.284627026,1350.6083678707341,86.32
1642.284827026,1373.8599956094267,86.33
1642.2850270259999,1296.7532544654168,86.34
1642.285227026,1344.2157675064916,86.35
1642.285427026,1344.2128835511646,86.36
1642.285627026,1414.0106837169635,86.37
1642.2858270259999,1390.1097725917311,86.38
1642.2860270259998,1281.645499332752,86.39
1642.286227026,1393.4705654133872,86.4
1642.286427026,1329.1950603189987,86.41
1642.286627026,1349.4583780859912,86.42
1642.2868270259999,1313.3845336011254,86.43
1642.287027026,1361.745863310938,86.44
1642.287227026,1348.4688623233546,86.45
1642.287427026,1383.965595103546,86.46
1642.2876270259999,1423.3050979121301,86.47
1642.2878270259998,1344.7586161836166,86.48
1642.288027026,1323.4830142573612,86.49
1642.288227026,1352.7812025209953,86.5
1642.288427026,1441.6522572662354,86.51
1642.2886270259999,1312.5898009422108,86.52
1642.288827026,1389.9975780901084,86.53
1642.289027026,1350.6467043027285,86.54
1642.289227026,1284.5380940809673,86.55
1642.2894270259999,1352.5528406306075,86.56
1642.2896270259998,1351.1050833511686,86.57
1642.289827026,1353.7345706419196,86.58
1642.290027026,1276.9793728218926,86.59
1642.290227026,1347.9685047701848,86.6
1642.2904270259999,1342.754063308066,86.61
1642.290627026,1327.358355985104,86.62
1642.290827026,1284.148205729013,86.63
1642.291027026,1339.6084219240493,86.64
1642.291227026,1325.4534657151928,86.65
1642.2914270259998,1367.6521482401938,86.66
1642.291627026,1385.9225926022339,86.67
1642.291827026,1346.5588650859925,86.68
1642.292027026,1358.1523786123496,86.69
1642.2922270259999,1382.166358135763,86.7
1642.292427026,1341.4900971515985,86.71
1642.292627026,1301.9089517869172,86.72
1642.292827026,1331.8020651765632,86.73
1642.293027026,1348.30917401521,86.74
1642.2932270259998,1343.7295126439135,86.75
1642.293427026,1268.8850403405188,86.76
1642.293627026,1284.4167917131297,86.77
1642.293827026,1368.6488464783874,86.78
1642.2940270259999,1336.800280561635,86.79
1642.294227026,1353.0525423137674,86.8
1642.294427026,1358.61970713224,86.81
1642.294627026,1375.7667086406107,86.82
1642.294827026,1305.2148558914992,86.83
1642.2950270259998,1302.045535334469,86.84
1642.295227026,1279.4831964167602,86.85
1642.295427026,1319.4536093019265,86.86
1642.295627026,1250.684614394279,86.87
1642.2958270259999,1389.78721178712,86.88
1642.296027026,1405.28795414216,86.89
1642.296227026,1273.128580961221,86.9
1642.296427026,1259.485678893888,86.91
1642.296627026,1268.8970540146033,86.92
1642.2968270259998,1316.980511092036,86.93
1642.297027026,1367.9427596761275,86.94
1642.297227026,1378.056734630294,86.95
1642.297427026,1296.0994708536884,86.96
1642.2976270259999,1231.9108988662906,86.97
1642.297827026,1314.9182950204581,86.98
1642.298027026,1171.6230912865017,86.99
1642.298227026,1267.6739882857705,87.0
1642.298427026,1288.1386929470782,87.01
1642.2986270259998,1299.7219679248078,87.02
1642.298827026,1291.0850153487324,87.03
1642.299027026,1286.1278280405072,87.04
1642.299227026,1342.7868088843443,87.05
1642.2994270259999,1268.4831147890259,87.06
1642.299627026,1287.059786952725,87.07
1642.299827026,1271.4491588399649,87.08
1642.300027026,1263.9195525012394,87.09
1642.300227026,1338.2784038238044,87.1
1642.3004270259999,1342.952437778996,87.11
1642.300627026,1297.970834040631,87.12
1642.300827026,1307.800400732783,87.13
1642.301027026,1285.6780668432455,87.14
1642.3012270259999,1293.0704905734808,87.15
1642.3014270259998,1250.7345761528304,87.16
1642.301627026,1363.9791860869439,87.17
1642.301827026,1267.4235012550596,87.18
1642.302027026,1258.288937613723,87.19
1642.3022270259999,1318.0569784472978,87.2
1642.302427026,1298.3391918269388,87.21
1642.302627026,1276.2486467532092,87.22
1642.302827026,1231.661776253606,87.23
1642.3030270259999,1206.777259513033,87.24
1642.3032270259998,1276.0650670667806,87.25
1642.303427026,1267.5458410194162,87.26
1642.303627026,1247.0398894993186,87.27
1642.303827026,1276.828499065579,87.28
1642.3040270259999,1299.045732828625,87.29
1642.304227026,1303.6381142751525,87.3
1642.304427026,1252.2476385625027,87.31
1642.304627026,1195.1900821117997,87.32
1642.3048270259999,1260.7608838817955,87.33
1642.3050270259998,1308.3845451751852,87.34
1642.305227026,1192.8413103699227,87.35
1642.305427026,1283.112251636116,87.36
1642.305627026,1301.568863516054,87.37
1642.3058270259999,1267.9224346571693,87.38
1642.306027026,1297.123126565623,87.39
1642.306227026,1277.3011231176808,87.4
1642.306427026,1233.6507201123798,87.41
1642.306627026,1206.7319949081436,87.42
1642.3068270259998,1232.6712198478076,87.43
1642.307027026,1266.6289324775655,87.44
1642.307227026,1247.056245435643,87.45
1642.307427026,1229.5594335465994,87.46
1642.3076270259999,1208.7520472845724,87.47
1642.307827026,1249.7082312137638,87.48
1642.308027026,1246.8829719412706,87.49
1642.308227026,1308.3646910789587,87.5
1642.308427026,1248.1117455292745,87.51
1642.3086270259998,1235.460634305416,87.52
1642.308827026,1243.881357035252,87.53
1642.309027026,1287.742594789062,87.54
1642.309227026,1224.5680941558428,87.55
1642.3094270259999,1290.2910198310042,87.56
1642.309627026,1234.0524169497576,87.57
1642.309827026,1216.9996288926154,87.58
1642.310027026,1315.2703723156137,87.59
1642.310227026,1311.744962959959,87.6
1642.3104270259998,1297.6799658865598,87.61
1642.310627026,1278.8413331536624,87.62
1642.310827026,1258.0349399651273,87.63
1642.311027026,1230.8623719843517,87.64
1642.3112270259999,1232.1611596799798,87.65
1642.311427026,1214.2553484761677,87.66
1642.311627026,1244.918139361471,87.67
1642.311827026,1284.204408360794,87.68
1642.312027026,1190.4002593982182,87.69
1642.3122270259998,1257.0224526814545,87.7
1642.312427026,1225.2360877008214,87.71
1642.312627026,1254.095993526974,87.72
1642.312827026,1275.8046317050882,87.73
1642.3130270259999,1237.3073125023445,87.74
1642.313227026,1234.5569035180936,87.75
1642.313427026,1153.024029792756,87.76
1642.313627026,1305.6443579408485,87.77
1642.313827026,1284.1738846375738,87.78
1642.3140270259998,1208.053443165836,87.79
1642.314227026,1247.4764169315506,87.8
1642.314427026,1210.3602807213224,87.81
1642.314627026,1213.4101164899903,87.82
1642.3148270259999,1261.5902584767796,87.83
1642.315027026,1207.9859441416884,87.84
1642.315227026,1262.6343394087407,87.85
1642.315427026,1257.941642858862,87.86
1642.315627026,1215.2557404298511,87.87
1642.3158270259999,1165.3055079923934,87.88
1642.316027026,1147.2743643729832,87.89
1642.316227026,1202.3480927250685,87.9
1642.316427026,1186.90870142752,87.91
1642.3166270259999,1227.8911307523013,87.92
1642.3168270259998,1220.3652015051289,87.93
1642.317027026,1160.8839709068104,87.94
1642.317227026,1200.6236173004438,87.95
1642.317427026,1181.2764362939145,87.96
1642.3176270259999,1176.2733424607413,87.97
1642.317827026,1200.7270341601507,87.98
1642.318027026,1205.320212302742,87.99
1642.318227026,1224.9739109492286,88.0
1642.3184270259999,1140.5453167520586,88.01
1642.3186270259998,1232.4345761141587,88.02
1642.318827026,1148.858268734627,88.03
1642.319027026,1266.4698270230012,88.04
1642.319227026,1188.17868511133,88.05
1642.3194270259999,1174.0297087275228,88.06
1642.319627026,1215.619623892141,88.07
1642.319827026,1145.5496040478442,88.08
1642.320027026,1183.4815454495103,88.09
1642.3202270259999,1248.458473029662,88.1
1642.3204270259998,1243.1328802187768,88.11
1642.320627026,1217.4688120063524,88.12
1642.320827026,1132.23581547597,88.13
1642.321027026,1220.6879534938876,88.14
1642.3212270259999,1155.770113020108,88.15
1642.321427026,1176.2208385763086,88.16
1642.321627026,1180.9370003182528,88.17
1642.321827026,1136.1668957814022,88.18
1642.322027026,1119.778456574615,88.19
1642.3222270259998,1223.8569154546058,88.2
1642.322427026,1150.0547823436375,88.21
1642.322627026,1131.114815001018,88.22
1642.322827026,1210.2992709150856,88.23
1642.3230270259999,1086.4517235477067,88.24
1642.323227026,1131.6815755490961,88.25
1642.323427026,1132.7044974268922,88.26
1642.323627026,1180.549740172738,88.27
1642.323827026,1189.244402810018,88.28
1642.3240270259998,1201.4165104028766,88.29
1642.324227026,1153.9255071305342,88.3
1642.324427026,1118.0106498299322,88.31
1642.324627026,1191.7114151351357,88.32
1642.3248270259999,1190.274418094053,88.33
1642.325027026,1182.9168070595929,88.34
1642.325227026,1120.682689868538,88.35
1642.325427026,1188.5840741265245,88.36
1642.325627026,1175.1797680435916,88.37
1642.3258270259998,1214.6868872922093,88.38
1642.326027026,1171.6142143170127,88.39
1642.326227026,1140.57507928733,88.4
1642.326427026,1161.5602974094,88.41
1642.3266270259999,1152.4788648776969,88.42
1642.326827026,1164.2253691597853,88.43
1642.327027026,1111.386054675516,88.44
1642.327227026,1170.7431265954335,88.45
1642.327427026,1132.157012312262,88.46
1642.3276270259998,1096.3452446704396,88.47
1642.327827026,1182.2465928681738,88.48
1642.328027026,1112.3591621259732,88.49
1642.328227026,1198.499865817571,88.5
1642.3284270259999,1179.630077327007,88.51
1642.328627026,1113.216229739085,88.52
1642.328827026,1201.0609307030693,88.53
1642.329027026,1148.4500958296176,88.54
1642.329227026,1174.4964937228358,88.55
1642.3294270259998,1193.0419864401665,88.56
1642.329627026,1098.001787365247,88.57
1642.329827026,1135.7411547725496,88.58
1642.330027026,1140.9300984930185,88.59
1642.3302270259999,1124.8420511065808,88.6
1642.330427026,1136.5365098298166,88.61
1642.330627026,1086.247979175839,88.62
1642.330827026,1116.530521934801,88.63
1642.331027026,1110.0135213533779,88.64
1642.3312270259999,1097.601268401267,88.65
1642.331427026,1185.427731082275,88.66
1642.331627026,1144.8258935885356,88.67
1642.331827026,1079.2923257822513,88.68
1642.3320270259999,1087.9660483855134,88.69
1642.3322270259998,1134.8040875123115,88.7
1642.332427026,1033.9944063354096,88.71
1642.332627026,1166.175330010731,88.72
1642.332827026,1159.1469209773898,88.73
1642.3330270259999,1192.235535932493,88.74
1642.333227026,1134.0137399579746,88.75
1642.333427026,1046.0628913726744,88.76
1642.333627026,1172.0387538712757,88.77
1642.3338270259999,1096.675366685803,88.78
1642.3340270259998,1066.8039317714415,88.79
1642.334227026,1155.971526005606,88.8
1642.334427026,1190.9997682058086,88.81
1642.334627026,1133.6195540277738,88.82
1642.3348270259999,1156.2080854350072,88.83
1642.335027026,1001.9538057465891,88.84
1642.335227026,1101.1864575546945,88.85
1642.335427026,1147.1218860720383,88.86
1642.3356270259999,1132.4617191289633,88.87
1642.3358270259998,1109.6570590967672,88.88
1642.336027026,1070.388837881511,88.89
1642.336227026,1136.6451741955655,88.9
1642.336427026,1084.1338697825583,88.91
1642.3366270259999,1134.9293369524758,88.92
1642.336827026,1049.7965485551347,88.93
1642.337027026,1074.6831132674267,88.94
1642.337227026,1122.0395058409713,88.95
1642.337427026,1109.6539912009619,88.96
1642.3376270259998,1075.3526495093583,88.97
1642.337827026,1123.3377060392568,88.98
1642.338027026,1100.459277365477,88.99
1642.338227026,1067.7714218716692,89.0
1642.3384270259999,1117.9852434460581,89.01
1642.338627026,1078.0143099322984,89.02
1642.338827026,1095.9205095862192,89.03
1642.339027026,1172.2582359984026,89.04
1642.339227026,1086.5461319181918,89.05
1642.3394270259998,1032.3089977157197,89.06
1642.339627026,1035.9340375897827,89.07
1642.339827026,1108.678444018709,89.08
1642.340027026,1099.705485989154,89.09
1642.3402270259999,1104.7188050801249,89.1
1642.340427026,1078.8369648902428,89.11
1642.340627026,1037.8492496658494,89.12
1642.340827026,1046.2708699138966,89.13
1642.341027026,1130.7504278706742,89.14
1642.3412270259998,1007.5781701905422,89.15
1642.341427026,1048.4782024248605,89.16
1642.341627026,1059.2574073932196,89.17
1642.341827026,1032.7278272601125,89.18
1642.3420270259999,1063.5719744056994,89.19
1642.342227026,1098.6946006688017,89.2
1642.342427026,1112.126542379709,89.21
1642.342627026,1117.08441456005,89.22
1642.342827026,1069.2849356406396,89.23
1642.3430270259998,1112.900388418684,89.24
1642.343227026,1062.237880232728,89.25
1642.343427026,1106.097337193987,89.26
1642.343627026,1030.1388737550822,89.27
1642.3438270259999,1052.7479280081022,89.28
1642.344027026,1076.638692470849,89.29
1642.344227026,1066.8755293551874,89.3
1642.344427026,1066.412556583187,89.31
1642.344627026,1125.0265931411916,89.32
1642.3448270259998,1068.1735518892344,89.33
1642.345027026,1092.7411456074417,89.34
1642.345227026,1122.2698955322858,89.35
1642.345427026,1064.2328152684424,89.36
1642.3456270259999,1090.4357932702326,89.37
1642.345827026,1071.7723871654562,89.38
1642.346027026,1047.506274381552,89.39
1642.346227026,1108.7037613274056,89.4
1642.346427026,1038.69807845437,89.41
1642.3466270259999,1018.5202467055699,89.42
1642.346827026,1083.808905261166,89.43
1642.347027026,1096.6376455369477,89.44
1642.347227026,1055.1813520051653,89.45
1642.3474270259999,1087.5805265013428,89.46
1642.3476270259998,1056.5020335824618,89.47
1642.347827026,1023.7152982420911,89.48
1642.348027026,1042.3671062772128,89.49
1642.348227026,1009.123328691547,89.5
1642.3484270259999,1059.7702449246183,89.51
1642.348627026,1124.0530179416792,89.52
1642.348827026,1031.0882097472513,89.53
1642.349027026,1006.2337216623074,89.54
1642.3492270259999,1098.4337062437,89.55
1642.3494270259998,985.8551754769363,89.56
1642.349627026,1080.6630388757858,89.57
1642.349827026,1007.2949668298963,89.58
1642.350027026,942.2905287266716,89.59
1642.3502270259999,1117.2437495378347,89.6
1642.350427026,1084.3302796385153,89.61
1642.350627026,1045.781615650433,89.62
1642.350827026,1074.3058620516533,89.63
1642.3510270259999,1005.2288670462889,89.64
1642.3512270259998,1066.3098525682258,89.65
1642.351427026,980.4544801744129,89.66
1642.351627026,1024.073646222109,89.67
1642.351827026,1101.1416377158853,89.68
1642.3520270259999,1018.4040076543967,89.69
1642.352227026,989.3785605893552,89.7
1642.352427026,1095.9299973900445,89.71
1642.352627026,1061.8910856206387,89.72
1642.3528270259999,976.7970098591927,89.73
1642.3530270259998,1064.440955858464,89.74
1642.353227026,1069.3078068788798,89.75
1642.353427026,990.4845603445913,89.76
1642.353627026,1038.892734405167,89.77
1642.3538270259999,994.2349117559418,89.78
1642.354027026,1028.8440711445035,89.79
1642.354227026,971.2704256772133,89.8
1642.354427026,984.1474041525067,89.81
1642.354627026,1046.2355781961917,89.82
1642.3548270259998,1034.4613698718483,89.83
1642.355027026,1027.394164911492,89.84
1642.355227026,963.8020705903334,89.85
1642.355427026,952.1461267860352,89.86
1642.3556270259999,1000.1158184084179,89.87
1642.355827026,1042.9422167061273,89.88
1642.356027026,1056.0252812644912,89.89
1642.356227026,1062.421716034748,89.9
1642.356427026,1106.6551813471651,89.91
1642.3566270259998,964.3173796071706,89.92
1642.356827026,1008.1167541952135,89.93
1642.357027026,1015.6154703318404,89.94
1642.357227026,1001.8250180032812,89.95
1642.3574270259999,1013.9267119900235,89.96
1642.357627026,1000.1878843243855,89.97
1642.357827026,983.1477738781371,89.98
1642.358027026,973.3015936475234,89.99
1642.358227026,962.5985818146352,90.0
1642.3584270259998,984.9972395636643,90.01
1642.358627026,993.7900621616418,90.02
1642.358827026,975.6244658892656,90.03
1642.359027026,1093.6696734054788,90.04
1642.3592270259999,972.2631784470312,90.05
1642.359427026,1013.5073055628541,90.06
1642.359627026,1006.8290961288113,90.07
1642.359827026,1006.6787520381383,90.08
1642.360027026,964.994507061389,90.09
1642.3602270259998,998.8664772954859,90.1
1642.360427026,1020.5393602738554,90.11
1642.360627026,1034.0332181631372,90.12
1642.360827026,1015.5738563385705,90.13
1642.3610270259999,985.4109228199835,90.14
1642.361227026,929.7017608960543,90.15
1642.361427026,978.0639694679808,90.16
1642.361627026,1065.6887344687973,90.17
1642.361827026,967.3693539963455,90.18
1642.3620270259999,1007.3115257156535,90.19
1642.362227026,942.3663142747457,90.2
1642.362427026,995.3028327760694,90.21
1642.362627026,969.4093456502814,90.22
1642.3628270259999,999.9262608238071,90.23
1642.3630270259998,1003.0525792846973,90.24
1642.363227026,874.4956527075955,90.25
1642.363427026,1031.5716956503238,90.26
1642.363627026,1009.9603574474937,90.27
1642.3638270259999,924.7490786585198,90.28
1642.364027026,961.3988438846629,90.29
1642.364227026,983.0054350270019,90.3
1642.364427026,973.212120139026,90.31
1642.3646270259999,993.3744656061979,90.32
1642.3648270259998,946.393382248012,90.33
1642.365027026,888.641951654741,90.34
1642.365227026,971.472813477389,90.35
1642.365427026,938.776886861058,90.36
1642.3656270259999,924.5689380916615,90.37
1642.365827026,958.322850518937,90.38
1642.366027026,913.0732477955944,90.39
1642.366227026,928.1709372474728,90.4
1642.3664270259999,891.8305856633197,90.41
1642.3666270259998,1010.0426190878123,90.42
1642.366827026,1011.2562571752612,90.43
1642.367027026,932.5443157818268,90.44
1642.367227026,963.7589883167061,90.45
1642.3674270259999,1000.8468394264148,90.46
1642.367627026,929.4796766823855,90.47
1642.367827026,1026.301069459037,90.48
1642.368027026,900.7660060330982,90.49
1642.3682270259999,942.3884089926661,90.5
1642.3684270259998,887.4304724625783,90.51
1642.368627026,903.6712177747419,90.52
1642.368827026,952.4528680760994,90.53
1642.369027026,948.5501634983543,90.54
1642.3692270259999,941.7489702848319,90.55
1642.369427026,961.9574120150584,90.56
1642.369627026,946.225031515767,90.57
1642.369827026,846.3795703161811,90.58
1642.370027026,954.4103904250818,90.59
1642.3702270259998,938.9890435249827,90.6
1642.370427026,926.7104553527694,90.61
1642.370627026,879.794745383492,90.62
1642.370827026,873.6404504962239,90.63
1642.3710270259999,945.7613135039408,90.64
1642.371227026,943.3831316658158,90.65
1642.371427026,979.5620382492257,90.66
1642.371627026,971.1858341813173,90.67
1642.371827026,968.4337300436645,90.68
1642.3720270259998,901.7516908812584,90.69
1642.372227026,965.6085916100079,90.7
1642.372427026,964.7952945597373,90.71
1642.372627026,974.251379931251,90.72
1642.3728270259999,943.915416030024,90.73
1642.373027026,937.1396658829666,90.74
1642.373227026,919.0574206135478,90.75
1642.373427026,926.6907082418936,90.76
1642.373627026,890.3459671737569,90.77
1642.3738270259998,938.5488000252251,90.78
1642.374027026,983.3500741926105,90.79
1642.374227026,876.2300141102758,90.8
1642.374427026,874.8211632577575,90.81
1642.3746270259999,953.4784034023975,90.82
1642.374827026,856.9558825232829,90.83
1642.375027026,922.1415893879935,90.84
1642.375227026,939.1754520782298,90.85
1642.375427026,868.1629984759227,90.86
1642.3756270259998,884.4511991449814,90.87
1642.375827026,937.8345421709163,90.88
1642.376027026,926.0050535317155,90.89
1642.376227026,891.8255666012768,90.9
1642.3764270259999,952.7429786307049,90.91
1642.376627026,906.2186992647643,90.92
1642.376827026,893.3025792964432,90.93
1642.377027026,872.6958332572967,90.94
1642.377227026,865.2560168310681,90.95
1642.3774270259999,865.7398098877877,90.96
1642.377627026,912.9736046999012,90.97
1642.377827026,960.3360920294411,90.98
1642.378027026,892.5207419044327,90.99
1642.3782270259999,898.1367184787701,91.0
1642.378427026,834.9079890023668,91.01
1642.378627026,862.1859967420754,91.02
1642.378827026,896.4773758624002,91.03
1642.379027026,819.7288579064196,91.04
1642.3792270259999,943.4915381308531,91.05
1642.379427026,866.5113772220697,91.06
1642.379627026,938.9619911711671,91.07
1642.379827026,858.7510285079745,91.08
1642.3800270259999,900.492320949221,91.09
1642.3802270259998,891.6487013934973,91.1
1642.380427026,896.0999732023984,91.11
1642.380627026,924.2344485181183,91.12
1642.380827026,886.6872099946211,91.13
1642.3810270259999,863.2461848690036,91.14
1642.381227026,866.8002252639784,91.15
1642.381427026,941.4066890889579,91.16
1642.381627026,841.928048059334,91.17
1642.3818270259999,849.6456228645428,91.18
1642.3820270259998,908.9213890815035,91.19
1642.382227026,856.4644446843017,91.2
1642.382427026,868.8557005135244,91.21
1642.382627026,793.2168961295179,91.22
1642.3828270259999,813.6131887933954,91.23
1642.383027026,953.9150751082665,91.24
1642.383227026,866.0993982562743,91.25
1642.383427026,896.4205459919511,91.26
1642.3836270259999,842.966000892685,91.27
1642.3838270259998,856.2890358069546,91.28
1642.384027026,895.1510124598921,91.29
1642.384227026,922.1886555498465,91.3
1642.384427026,878.9189491251948,91.31
1642.3846270259999,818.1614933367947,91.32
1642.384827026,875.5231655911911,91.33
1642.385027026,865.9215915046647,91.34
1642.385227026,832.5970588640685,91.35
1642.385427026,885.812252767249,91.36
1642.3856270259998,862.9212554604225,91.37
1642.385827026,867.6653179384582,91.38
1642.386027026,897.0173205085424,91.39
1642.386227026,840.2796963240472,91.4
1642.3864270259999,872.3470801737966,91.41
1642.386627026,825.1619196222023,91.42
1642.386827026,903.308540747221,91.43
1642.387027026,826.5102516701058,91.44
1642.387227026,820.4534099644658,91.45
1642.3874270259998,862.6031026678434,91.46
1642.387627026,891.4636504788734,91.47
1642.387827026,875.7832055453631,91.48
1642.388027026,854.6017892287291,91.49
1642.3882270259999,857.4974539912063,91.5
1642.388427026,818.4457910894215,91.51
1642.388627026,894.2735900825406,91.52
1642.388827026,884.4644383158941,91.53
1642.389027026,844.977545188262,91.54
1642.3892270259998,860.3138378715232,91.55
1642.389427026,866.3552826134447,91.56
1642.389627026,827.2610257115962,91.57
1642.389827026,875.2306772675763,91.58
1642.3900270259999,813.5497420955292,91.59
1642.390227026,885.7014079632047,91.6
1642.390427026,867.7412174050808,91.61
1642.390627026,806.4170788104846,91.62
1642.390827026,854.5638193723671,91.63
1642.3910270259998,819.0723209286988,91.64
1642.391227026,842.9419966891335,91.65
1642.391427026,807.692570876326,91.66
1642.391627026,899.1502828502696,91.67
1642.3918270259999,840.3281952131651,91.68
1642.392027026,850.6076274708439,91.69
1642.392227026,828.9755802994978,91.7
1642.392427026,790.5417097210616,91.71
1642.392627026,855.3679154148879,91.72
1642.3928270259998,804.3094459413746,91.73
1642.393027026,800.8900782938734,91.74
1642.393227026,833.63264579222,91.75
1642.393427026,856.6056895659631,91.76
1642.3936270259999,822.025855110227,91.77
1642.393827026,816.2874589865089,91.78
1642.394027026,842.4545308352047,91.79
1642.394227026,820.5801149967616,91.8
1642.394427026,843.1776647568198,91.81
1642.3946270259999,821.3698985229033,91.82
1642.394827026,812.78183733034,91.83
1642.395027026,756.1606433928202,91.84
1642.395227026,867.3523509934914,91.85
1642.3954270259999,792.5398438652604,91.86
1642.3956270259998,815.1811498386396,91.87
1642.395827026,859.6107820275132,91.88
1642.396027026,870.1868781189042,91.89
1642.396227026,750.532580408864,91.9
1642.3964270259999,825.2704806784681,91.91
1642.396627026,918.8755434277982,91.92
1642.396827026,836.6631361381899,91.93
1642.397027026,791.2065442270465,91.94
1642.3972270259999,755.9889243384505,91.95
1642.3974270259998,803.4776325405501,91.96
1642.397627026,853.5755513164252,91.97
1642.397827026,780.3363373875148,91.98
1642.398027026,804.0975084048049,91.99
1642.3982270259999,787.6535147544477,92.0
1642.398427026,817.9711022863753,92.01
1642.398627026,824.7102010580667,92.02
1642.398827026,870.9009039446602,92.03
1642.3990270259999,829.235626341179,92.04
1642.3992270259998,809.7601076451461,92.05
1642.399427026,744.6813836928236,92.06
1642.399627026,813.745693235727,92.07
1642.399827026,732.1558278885209,92.08
1642.4000270259999,722.5220743724425,92.09
1642.400227026,835.5302213712588,92.1
1642.400427026,832.9704932110808,92.11
1642.400627026,780.1257525604514,92.12
1642.400827026,750.9527360869563,92.13
1642.4010270259998,749.1863709660477,92.14
1642.401227026,828.7713531873001,92.15
1642.401427026,777.4633089446668,92.16
1642.401627026,759.4658723156397,92.17
1642.4018270259999,751.0310139884089,92.18
1642.402027026,798.11122482333,92.19
1642.402227026,759.8358765201474,92.2
1642.402427026,794.7362133005978,92.21
1642.402627026,712.7827893815377,92.22
1642.4028270259998,828.127676759432,92.23
1642.403027026,754.7955415144395,92.24
1642.403227026,746.5692320960593,92.25
1642.403427026,770.0197269776596,92.26
1642.4036270259999,763.1126178182249,92.27
1642.403827026,686.5261084724784,92.28
1642.404027026,796.4918096189557,92.29
1642.404227026,780.5496016284644,92.3
1642.404427026,785.070337860239,92.31
1642.4046270259998,723.8506825635179,92.32
1642.404827026,795.9356795469388,92.33
1642.405027026,802.6674294955842,92.34
1642.405227026,747.7655376939942,92.35
1642.4054270259999,741.9355781646735,92.36
1642.405627026,745.6715726868247,92.37
1642.405827026,749.8070524533134,92.38
1642.406027026,767.2941627219324,92.39
1642.406227026,794.9757280627252,92.4
1642.4064270259998,786.4381608293093,92.41
1642.406627026,754.5795091774435,92.42
1642.406827026,741.7987180545845,92.43
1642.407027026,674.4292718508761,92.44
1642.4072270259999,839.1970720786154,92.45
1642.407427026,745.4458494925541,92.46
1642.407627026,696.799887589953,92.47
1642.407827026,778.2644800705989,92.48
1642.408027026,686.0554997524777,92.49
1642.4082270259998,770.5464091839809,92.5
1642.408427026,723.7998683521809,92.51
1642.408627026,707.9876135228241,92.52
1642.408827026,733.1936682880255,92.53
1642.4090270259999,785.9616524220761,92.54
1642.409227026,741.0445572245997,92.55
1642.409427026,733.6094449200449,92.56
1642.409627026,686.8311168779663,92.57
1642.409827026,732.1549552756863,92.58
1642.4100270259999,729.5269414131241,92.59
1642.410227026,762.5155199204653,92.6
1642.410427026,735.7114634541811,92.61
1642.410627026,780.546515075347,92.62
1642.4108270259999,731.3769167632821,92.63
1642.4110270259998,680.2089368848301,92.64
1642.411227026,727.4502456469,92.65
1642.411427026,644.5751192212106,92.66
1642.411627026,700.2374506174477,92.67
1642.4118270259999,772.4305554985161,92.68
1642.412027026,636.498968179138,92.69
1642.412227026,774.7912864927342,92.7
1642.412427026,682.8679194955741,92.71
1642.4126270259999,666.057956479161,92.72
1642.4128270259998,701.5719584855644,92.73
1642.413027026,752.5931859991249,92.74
1642.413227026,745.5568385365732,92.75
1642.413427026,683.0288723968858,92.76
1642.4136270259999,695.2940060491319,92.77
1642.413827026,674.5030586199114,92.78
1642.414027026,720.0591306516509,92.79
1642.414227026,708.3192754554032,92.8
1642.4144270259999,726.3402754386983,92.81
1642.4146270259998,718.5387153502708,92.82
1642.414827026,721.2887718465412,92.83
1642.415027026,733.2398237431144,92.84
1642.415227026,701.7248069928771,92.85
1642.4154270259999,697.6905815568881,92.86
1642.415627026,835.73139791128,92.87
1642.415827026,758.3941500533616,92.88
1642.416027026,755.7092122137504,92.89
1642.416227026,739.1607785197314,92.9
1642.4164270259998,679.2411293508397,92.91
1642.416627026,751.1254498001322,92.92
1642.416827026,695.645708186606,92.93
1642.417027026,730.4690051186644,92.94
1642.4172270259999,739.8894576210179,92.95
1642.417427026,712.0693938330431,92.96
1642.417627026,716.3585723677676,92.97
1642.417827026,731.083193994787,92.98
1642.418027026,690.2823702343994,92.99
1642.4182270259998,690.2214063383359,93.0
1642.418427026,733.0986315651494,93.01
1642.418627026,728.5504680140464,93.02
1642.418827026,721.7996630836836,93.03
1642.4190270259999,709.5459637992082,93.04
1642.419227026,716.0085558724276,93.05
1642.419427026,663.470672378444,93.06
1642.419627026,733.1493585183609,93.07
1642.419827026,715.6199159810001,93.08
1642.4200270259998,642.9172609682178,93.09
1642.420227026,743.7289377899934,93.1
1642.420427026,732.1067284002951,93.11
1642.420627026,723.1744100921944,93.12
1642.4208270259999,579.2542617114968,93.13
1642.421027026,648.1197827037828,93.14
1642.421227026,613.7385584268732,93.15
1642.421427026,630.8799312333639,93.16
1642.421627026,770.0949076623253,93.17
1642.4218270259998,727.2123347750683,93.18
1642.422027026,706.1660904953236,93.19
1642.422227026,611.2248515631302,93.2
1642.422427026,684.8054656544552,93.21
1642.4226270259999,665.0247003211382,93.22
1642.422827026,626.4308600788488,93.23
1642.423027026,633.5478781803423,93.24
1642.423227026,732.4080868829226,93.25
1642.423427026,691.6579341017996,93.26
1642.4236270259998,714.5294429110113,93.27
1642.423827026,679.4258702009619,93.28
1642.424027026,716.707657776996,93.29
1642.424227026,660.2648350506083,93.3
1642.4244270259999,736.1336719070265,93.31
1642.424627026,705.9729911754297,93.32
1642.424827026,723.7170330557698,93.33
1642.425027026,678.411876016508,93.34
1642.425227026,621.3708235321634,93.35
1642.4254270259999,713.1237385541339,93.36
1642.425627026,654.0624597990341,93.37
1642.425827026,716.8656985855631,93.38
1642.426027026,738.342482935289,93.39
1642.4262270259999,592.2187055480399,93.4
1642.4264270259998,644.0065482575326,93.41
1642.426627026,605.5474279652369,93.42
1642.426827026,625.4899310039907,93.43
1642.427027026,679.2271859605044,93.44
1642.4272270259999,629.9114334673704,93.45
1642.427427026,614.8724046435118,93.46
1642.427627026,713.3961518054092,93.47
1642.427827026,613.3631325796389,93.48
1642.4280270259999,575.5531123288453,93.49
1642.4282270259998,646.8704757398556,93.5
1642.428427026,695.6416748310351,93.51
1642.428627026,634.5665671877588,93.52
1642.428827026,687.0425276689898,93.53
1642.4290270259999,630.2089680151983,93.54
1642.429227026,606.4826146599685,93.55
1642.429427026,664.0511964580402,93.56
1642.429627026,571.8637078791302,93.57
1642.4298270259999,670.402262525661,93.58
1642.4300270259998,625.7320695305967,93.59
1642.430227026,703.6658312191638,93.6
1642.430427026,584.5546669653033,93.61
1642.430627026,655.280964151903,93.62
1642.4308270259999,636.6793138072595,93.63
1642.431027026,666.4977243042872,93.64
1642.431227026,595.1357897191332,93.65
1642.431427026,651.2727233172731,93.66
1642.431627026,654.1347280725025,93.67
1642.4318270259998,683.7899031174458,93.68
1642.432027026,672.8728975025778,93.69
1642.432227026,660.7163554675351,93.7
1642.432427026,674.881398557835,93.71
1642.4326270259999,593.1040211606684,93.72
1642.432827026,646.3961404077502,93.73
1642.433027026,582.5476613578631,93.74
1642.433227026,587.3853039823874,93.75
1642.433427026,622.8629057291563,93.76
1642.4336270259998,650.8418899428274,93.77
1642.433827026,661.4091587738735,93.78
1642.434027026,602.0117545025996,93.79
1642.434227026,528.7529542647644,93.8
1642.4344270259999,588.837471931881,93.81
1642.434627026,680.8021878717763,93.82
1642.434827026,642.9705585326437,93.83
1642.435027026,641.8459279940187,93.84
1642.435227026,632.258987907409,93.85
1642.4354270259998,576.1789563125361,93.86
1642.435627026,564.2036915111403,93.87
1642.435827026,549.6492262668676,93.88
1642.436027026,622.0737298513365,93.89
1642.4362270259999,648.2933363016755,93.9
1642.436427026,631.0955828472116,93.91
1642.436627026,647.8190390857885,93.92
1642.436827026,579.5536776468359,93.93
1642.437027026,596.3081730717144,93.94
1642.4372270259998,622.0431832236045,93.95
1642.437427026,570.4191115195458,93.96
1642.437627026,594.6566001653864,93.97
1642.437827026,684.759101005746,93.98
1642.4380270259999,579.9144336539871,93.99
1642.438227026,563.7270099235049,94.0
1642.438427026,614.3110764667642,94.01
1642.438627026,600.2994967201977,94.02
1642.438827026,584.606377501646,94.03
1642.4390270259998,595.3535640207267,94.04
1642.439227026,588.473089454749,94.05
1642.439427026,609.0231620564418,94.06
1642.439627026,653.8056085179135,94.07
1642.4398270259999,590.7375051540556,94.08
1642.440027026,587.4503800402172,94.09
1642.440227026,564.0280308170137,94.1
1642.440427026,560.9561616122315,94.11
1642.440627026,517.11121116559,94.12
1642.4408270259999,613.3179200535321,94.13
1642.441027026,655.2288343089534,94.14
1642.441227026,593.1019309947021,94.15
1642.441427026,539.7430265878746,94.16
1642.4416270259999,564.5561006698715,94.17
1642.4418270259998,608.6150344832487,94.18
1642.442027026,583.5621560717074,94.19
1642.442227026,550.7364243946196,94.2
1642.442427026,565.9370606893749,94.21
1642.4426270259999,585.614179499503,94.22
1642.442827026,630.9535779807786,94.23
1642.443027026,576.9116289289726,94.24
1642.443227026,538.4438740037282,94.25
1642.4434270259999,535.490695810524,94.26
1642.4436270259998,659.0048479107044,94.27
1642.443827026,554.6667424723059,94.28
1642.444027026,583.1547318674511,94.29
1642.444227026,564.752392798756,94.3
1642.4444270259999,541.2573802297808,94.31
1642.444627026,537.2320140651574,94.32
1642.444827026,574.2033045194202,94.33
1642.445027026,612.9068277993754,94.34
1642.4452270259999,600.6458982883267,94.35
1642.4454270259998,563.7281953809202,94.36
1642.445627026,479.49760632045064,94.37
1642.445827026,533.0928326011586,94.38
1642.446027026,501.790828764183,94.39
1642.4462270259999,566.7360200201824,94.4
1642.446427026,591.9610013053283,94.41
1642.446627026,604.3925311263605,94.42
1642.446827026,659.426296328004,94.43
1642.447027026,572.4801900828797,94.44
1642.4472270259998,547.0617607257209,94.45
1642.447427026,564.6771736011375,94.46
1642.447627026,554.9515530240715,94.47
1642.447827026,531.9123083716281,94.48
1642.4480270259999,554.3392646292901,94.49
1642.448227026,552.7551484648263,94.5
1642.448427026,549.8551578917279,94.51
1642.448627026,535.2430581724108,94.52
1642.448827026,462.34490978630043,94.53
1642.4490270259998,537.3499053857793,94.54
1642.449227026,535.9632396735652,94.55
1642.449427026,559.0282769344699,94.56
1642.449627026,531.3360729759456,94.57
1642.4498270259999,506.1881543705704,94.58
1642.450027026,531.9972494302062,94.59
1642.450227026,540.1566052461193,94.6
1642.450427026,523.1012668520467,94.61
1642.450627026,532.3640688293044,94.62
1642.4508270259998,531.8100359369712,94.63
1642.451027026,554.4632615972162,94.64
1642.451227026,542.049432802412,94.65
1642.451427026,505.45115642761107,94.66
1642.4516270259999,475.6543522433054,94.67
1642.451827026,475.3286330765866,94.68
1642.452027026,503.5218570194237,94.69
1642.452227026,509.2696204357253,94.7
1642.452427026,541.4115648861529,94.71
1642.4526270259998,502.80829193625465,94.72
1642.452827026,579.511342559502,94.73
1642.453027026,503.06161285425173,94.74
1642.453227026,555.2411251802478,94.75
1642.4534270259999,480.9769820216596,94.76
1642.453627026,588.7206307915731,94.77
1642.453827026,576.7212070394029,94.78
1642.454027026,572.4077024918954,94.79
1642.454227026,513.1374845516993,94.8
1642.4544270259998,558.5407380119378,94.81
1642.454627026,490.7255039578053,94.82
1642.454827026,436.8837350570026,94.83
1642.455027026,526.3477521949009,94.84
1642.4552270259999,440.681879841652,94.85
1642.455427026,584.1827791763824,94.86
1642.455627026,490.933166150254,94.87
1642.455827026,429.13510637887725,94.88
1642.456027026,452.3694735298648,94.89
1642.4562270259999,486.736209568748,94.9
1642.456427026,517.2084780247594,94.91
1642.456627026,474.2183414767536,94.92
1642.456827026,509.61318673474943,94.93
1642.4570270259999,464.51596829166283,94.94
1642.4572270259998,486.58745019917285,94.95
1642.457427026,515.8462555283247,94.96
1642.457627026,483.87021483034437,94.97
1642.457827026,588.7775097465362,94.98
1642.4580270259999,422.1905171609435,94.99
1642.458227026,524.9427289292873,95.0
1642.458427026,479.99024338570814,95.01
1642.458627026,459.35051442779707,95.02
1642.4588270259999,498.59959829465856,95.03
1642.4590270259998,483.9197663762087,95.04
1642.459227026,360.4520723806601,95.05
1642.459427026,468.7897416966338,95.06
1642.459627026,505.1907620343993,95.07
1642.4598270259999,539.8026231638057,95.08
1642.460027026,478.9577170572379,95.09
1642.460227026,453.13709952297836,95.1
1642.460427026,524.5834625708659,95.11
1642.4606270259999,465.46556023504945,95.12
1642.4608270259998,553.950633841924,95.13
1642.461027026,454.588517117152,95.14
1642.461227026,437.5571455465682,95.15
1642.461427026,471.4718639935894,95.16
1642.4616270259999,534.0668162176783,95.17
1642.461827026,513.6805723399747,95.18
1642.462027026,516.5724172245297,95.19
1642.462227026,512.2209454298351,95.2
1642.462427026,475.9010253210898,95.21
1642.4626270259998,489.36495200250107,95.22
1642.462827026,445.29613301591985,95.23
1642.463027026,483.57867579319554,95.24
1642.463227026,450.80108939627996,95.25
1642.4634270259999,545.3810150789573,95.26
1642.463627026,488.7281096644665,95.27
1642.463827026,475.1301142824832,95.28
1642.464027026,436.045715087482,95.29
1642.464227026,488.7676992537612,95.3
1642.4644270259998,486.94341293726626,95.31
1642.464627026,557.1854402650937,95.32
1642.464827026,525.4735931678944,95.33
1642.465027026,420.9832511557535,95.34
1642.4652270259999,497.1644207848312,95.35
1642.465427026,535.9776964947944,95.36
1642.465627026,475.80064133976856,95.37
1642.465827026,540.2085803349768,95.38
1642.466027026,545.9541266574331,95.39
1642.4662270259998,444.58129992936733,95.4
1642.466427026,447.66972141577645,95.41
1642.466627026,457.2819882428109,95.42
1642.466827026,501.3247834550169,95.43
1642.4670270259999,491.18915146378106,95.44
1642.467227026,427.04628403250894,95.45
1642.467427026,448.6692989652792,95.46
1642.467627026,472.15460692345414,95.47
1642.467827026,498.57921843519426,95.48
1642.4680270259998,492.31245815122224,95.49
1642.468227026,407.9695229137952,95.5
1642.468427026,454.74252575572416,95.51
1642.468627026,456.6699149858069,95.52
1642.4688270259999,389.57903365109604,95.53
1642.469027026,449.99990029084285,95.54
1642.469227026,475.3079150092044,95.55
1642.469427026,460.1906916832255,95.56
1642.469627026,497.72821541341466,95.57
1642.4698270259998,389.316084798721,95.58
1642.470027026,456.98947706081793,95.59
1642.470227026,447.34952843728024,95.6
1642.470427026,385.7900168536942,95.61
1642.4706270259999,488.2963957013959,95.62
1642.470827026,406.2244353985973,95.63
1642.471027026,472.04979054275105,95.64
1642.471227026,463.00964767649845,95.65
1642.471427026,486.60381003312204,95.66
1642.4716270259999,439.25035890305327,95.67
1642.471827026,442.5506443584056,95.68
1642.472027026,440.9851139010151,95.69
1642.472227026,477.39102018709866,95.7
1642.4724270259999,373.8479878458823,95.71
1642.4726270259998,295.01724992045683,95.72
1642.472827026,483.44755923417404,95.73
1642.473027026,393.63432997400935,95.74
1642.473227026,362.31142976596266,95.75
1642.4734270259999,386.90312443590653,95.76
1642.473627026,419.1817202261715,95.77
1642.473827026,438.6308335492571,95.78
1642.474027026,403.48722593031204,95.79
1642.4742270259999,371.82751902140376,95.8
1642.4744270259998,420.48711098708634,95.81
1642.474627026,474.3358810916683,95.82
1642.474827026,406.0167329962385,95.83
1642.475027026,498.5806793320194,95.84
1642.4752270259999,399.89857024802757,95.85
1642.475427026,397.72392490430207,95.86
1642.475627026,406.74264811427355,95.87
1642.475827026,406.56902995275277,95.88
1642.4760270259999,443.4691458165201,95.89
1642.4762270259998,409.0715361026927,95.9
1642.476427026,384.1520111134645,95.91
1642.476627026,407.56480898361946,95.92
1642.476827026,421.3247259545815,95.93
1642.4770270259999,331.659392555575,95.94
1642.477227026,330.67101922081963,95.95
1642.477427026,403.03845769721295,95.96
1642.477627026,457.2688368550031,95.97
1642.4778270259999,456.3960317576792,95.98
1642.4780270259998,357.0259473528067,95.99
1642.478227026,451.8651614552189,96.0
1642.478427026,422.25171120154107,96.01
1642.478627026,353.4554248898084,96.02
1642.4788270259999,325.7269915972902,96.03
1642.479027026,496.58603237401013,96.04
1642.479227026,395.663797042109,96.05
1642.479427026,309.5826593903518,96.06
1642.479627026,348.74018718545216,96.07
1642.4798270259998,401.0677936479166,96.08
1642.480027026,362.7224634025506,96.09
1642.480227026,388.3214624554141,96.1
1642.480427026,415.8800443723631,96.11
1642.4806270259999,397.6653976254081,96.12
1642.480827026,407.079764444296,96.13
1642.481027026,409.31943403134045,96.14
1642.481227026,425.4131065159744,96.15
1642.481427026,313.3388058473674,96.16
1642.4816270259998,396.13743372424193,96.17
1642.481827026,404.3263873810333,96.18
1642.482027026,326.6500309839581,96.19
1642.482227026,392.82167937077196,96.2
1642.4824270259999,328.82956346903484,96.21
1642.482627026,390.2773251917474,96.22
1642.482827026,380.37211716819695,96.23
1642.483027026,389.05104938748934,96.24
1642.483227026,380.62361536289706,96.25
1642.4834270259998,401.52023183529997,96.26
1642.483627026,328.58725125862696,96.27
1642.483827026,436.2134715956971,96.28
1642.484027026,424.64216915593124,96.29
1642.4842270259999,379.35281040180325,96.3
1642.484427026,417.7224543289122,96.31
1642.484627026,362.237757273513,96.32
1642.484827026,322.26837227406565,96.33
1642.485027026,405.2328403322921,96.34
1642.4852270259998,443.70648018542556,96.35
1642.485427026,377.6464029026894,96.36
1642.485627026,339.6593803297207,96.37
1642.485827026,346.6998330367011,96.38
1642.4860270259999,503.6978552281827,96.39
1642.486227026,330.137566826324,96.4
1642.486427026,372.6499077064533,96.41
1642.486627026,412.197911924282,96.42
1642.486827026,422.3518852390556,96.43
1642.4870270259999,337.0543202456764,96.44
1642.487227026,402.9064282067127,96.45
1642.487427026,333.91026377308833,96.46
1642.487627026,384.19571297759,96.47
1642.4878270259999,378.06046628671777,96.48
1642.4880270259998,426.53568195464914,96.49
1642.488227026,341.0256195164536,96.5
1642.488427026,336.9825451536769,96.51
1642.488627026,400.8662458747766,96.52
1642.4888270259999,395.83541531077276,96.53
1642.489027026,291.0275227572579,96.54
1642.489227026,357.7388597295718,96.55
1642.489427026,343.11939877888375,96.56
1642.4896270259999,345.87711177397154,96.57
1642.4898270259998,403.565612045269,96.58
1642.490027026,285.16014540926454,96.59
1642.490227026,260.01558734559916,96.6
1642.490427026,310.50293683754603,96.61
1642.4906270259999,353.82601682698635,96.62
1642.490827026,441.1129827863658,96.63
1642.491027026,317.35241390926444,96.64
1642.491227026,329.8846374205027,96.65
1642.4914270259999,289.70811650828296,96.66
1642.4916270259998,376.81515967468664,96.67
1642.491827026,423.77752477203444,96.68
1642.492027026,310.9391084539085,96.69
1642.492227026,271.3035888218436,96.7
1642.4924270259999,335.6576436294698,96.71
1642.492627026,299.98055133187495,96.72
1642.492827026,312.06794902061534,96.73
1642.493027026,340.23783702155606,96.74
1642.4932270259999,324.0616212527215,96.75
1642.4934270259998,280.5494922630694,96.76
1642.493627026,380.346580989479,96.77
1642.493827026,178.36254559699907,96.78
1642.494027026,325.9085190005083,96.79
1642.4942270259999,287.40647130472456,96.8
1642.494427026,355.96403179999936,96.81
1642.494627026,361.4559797998516,96.82
1642.494827026,291.06753905005473,96.83
1642.495027026,310.9008943800411,96.84
1642.4952270259998,333.04458835305957,96.85
1642.495427026,330.1809214084882,96.86
1642.495627026,247.8095774880198,96.87
1642.495827026,303.98029166107136,96.88
1642.4960270259999,294.04821445258784,96.89
1642.496227026,236.07364288871048,96.9
1642.496427026,325.1832586105644,96.91
1642.496627026,303.75173660869257,96.92
1642.496827026,349.6947689758203,96.93
1642.4970270259998,313.8572894674179,96.94
1642.497227026,335.0685487808604,96.95
1642.497427026,316.20796305780067,96.96
1642.497627026,299.74997393385,96.97
1642.4978270259999,375.59740909152026,96.98
1642.498027026,312.97322000756327,96.99
1642.498227026,290.4657858825769,97.0
1642.498427026,257.41999442003197,97.01
1642.498627026,316.1065206440024,97.02
1642.4988270259998,256.2617260710128,97.03
1642.499027026,267.8443683937373,97.04
1642.499227026,293.4565870688575,97.05
1642.499427026,343.74251914933416,97.06
1642.4996270259999,283.9638189098953,97.07
1642.499827026,260.46025893838714,97.08
1642.500027026,272.12571092305103,97.09
1642.500227026,278.1343930068197,97.1
1642.500427026,353.94985505435454,97.11
1642.5006270259998,333.43213578543055,97.12
1642.500827026,259.20076259249294,97.13
1642.501027026,224.98801289686543,97.14
1642.501227026,314.64203906407016,97.15
1642.5014270259999,238.60188691894763,97.16
1642.501627026,318.3154522140825,97.17
1642.501827026,254.3104663228532,97.18
1642.502027026,245.94529621969707,97.19
1642.502227026,251.18446704248112,97.2
1642.5024270259999,324.90826578142156,97.21
1642.502627026,318.60326333899815,97.22
1642.502827026,245.90754867364603,97.23
1642.503027026,311.6108410217885,97.24
1642.5032270259999,294.4714735959583,97.25
1642.503427026,282.3300878035161,97.26
1642.503627026,197.45820126161217,97.27
1642.503827026,311.6535627293029,97.28
1642.504027026,334.781564891622,97.29
1642.5042270259999,233.57372881381156,97.3
1642.504427026,221.0234065006785,97.31
1642.504627026,330.26521441796507,97.32
1642.504827026,315.26259742280365,97.33
1642.5050270259999,243.64622186037116,97.34
1642.5052270259998,281.38683241150716,97.35
1642.505427026,273.7957511201792,97.36
1642.505627026,288.2611702320503,97.37
1642.505827026,210.0294228813396,97.38
1642.5060270259999,310.54213348418114,97.39
1642.506227026,299.27285498406064,97.4
1642.506427026,215.76464148060933,97.41
1642.506627026,202.54617880757732,97.42
1642.5068270259999,252.89163168686582,97.43
1642.5070270259998,318.4772080618799,97.44
1642.507227026,282.64535275624723,97.45
1642.507427026,256.2465329742677,97.46
1642.507627026,230.15931834127878,97.47
1642.5078270259999,253.79093808683052,97.48
1642.508027026,268.6797413266274,97.49
1642.508227026,287.45152421107764,97.5
1642.508427026,232.10613162621993,97.51
1642.5086270259999,258.9769875905612,97.52
1642.5088270259998,319.29668975130784,97.53
1642.509027026,304.73188368029696,97.54
1642.509227026,239.06899669036696,97.55
1642.509427026,246.30785685015334,97.56
1642.5096270259999,219.53879937737506,97.57
1642.509827026,220.03733908723797,97.58
1642.510027026,237.72666542519505,97.59
1642.510227026,251.70675876216922,97.6
1642.510427026,220.61116236849574,97.61
1642.5106270259998,222.8626973204804,97.62
1642.510827026,204.91586759512336,97.63
1642.511027026,235.71467881197103,97.64
1642.511227026,257.2751486759566,97.65
1642.5114270259999,293.4728484924517,97.66
1642.511627026,283.8843987406637,97.67
1642.511827026,240.38514924374405,97.68
1642.512027026,264.68516006063817,97.69
1642.512227026,175.27375137401725,97.7
1642.5124270259998,222.73487596791773,97.71
1642.512627026,239.8897427818985,97.72
1642.512827026,204.57740156490874,97.73
1642.513027026,230.04927180085815,97.74
1642.5132270259999,135.12373753175888,97.75
1642.513427026,225.3665234456726,97.76
1642.513627026,267.15114089063786,97.77
1642.513827026,228.8075569909769,97.78
1642.514027026,205.0639264031476,97.79
1642.5142270259998,162.286363869344,97.8
1642.514427026,174.68551300480289,97.81
1642.514627026,234.48234025210272,97.82
1642.514827026,209.91817104326134,97.83
1642.5150270259999,218.04299419764516,97.84
1642.515227026,269.5623352911566,97.85
1642.515427026,185.96393821765815,97.86
1642.515627026,215.7073675666346,97.87
1642.515827026,196.3286176666897,97.88
1642.5160270259998,286.853957454141,97.89
1642.516227026,210.39690788827082,97.9
1642.516427026,220.95364955326218,97.91
1642.516627026,217.45443804211618,97.92
1642.5168270259999,163.5218274103476,97.93
1642.517027026,237.59020196614546,97.94
1642.517227026,202.98787488078457,97.95
1642.517427026,177.091543186821,97.96
1642.517627026,144.25694909379007,97.97
1642.5178270259998,170.46254695673636,97.98
1642.518027026,222.76433236107343,97.99
1642.518227026,259.5042105738952,98.0
1642.518427026,225.50420903423537,98.01
1642.5186270259999,146.7358198418566,98.02
1642.518827026,175.87992675193732,98.03
1642.519027026,215.5179250756466,98.04
1642.519227026,241.08493581924236,98.05
1642.519427026,155.23931964022285,98.06
1642.5196270259999,173.2828838798731,98.07
1642.519827026,113.96600267201083,98.08
1642.520027026,204.20075122663383,98.09
1642.520227026,148.80698420236845,98.1
1642.5204270259999,126.29640092065095,98.11
1642.5206270259998,225.52848800650472,98.12
1642.520827026,167.29978441033978,98.13
1642.521027026,150.31422804961272,98.14
1642.521227026,153.37368450924268,98.15
1642.5214270259999,185.17015946553192,98.16
1642.521627026,213.3905975105341,98.17
1642.521827026,129.0827041770419,98.18
1642.522027026,169.1312929608193,98.19
1642.5222270259999,170.5506360067381,98.2
1642.5224270259998,201.4672473512431,98.21
1642.522627026,154.89008276210856,98.22
1642.522827026,181.99319136687132,98.23
1642.523027026,196.0509449386405,98.24
1642.5232270259999,204.9152033114391,98.25
1642.523427026,162.93536145580688,98.26
1642.523627026,134.619544199562,98.27
1642.523827026,175.169877364287,98.28
1642.5240270259999,106.64500708329751,98.29
1642.5242270259998,205.94556114244762,98.3
1642.524427026,184.72633535888568,98.31
1642.524627026,106.92144570827615,98.32
1642.524827026,172.4770638876179,98.33
1642.5250270259999,278.1332255579969,98.34
1642.525227026,176.18485004226542,98.35
1642.525427026,197.4838280165923,98.36
1642.525627026,146.75344977857418,98.37
1642.525827026,145.32693354382812,98.38
1642.5260270259998,147.61789990704892,98.39
1642.526227026,170.12977741436657,98.4
1642.526427026,134.5385295435885,98.41
1642.526627026,180.12617025697392,98.42
1642.5268270259999,158.70289649276572,98.43
1642.527027026,254.82905182364942,98.44
1642.527227026,169.319087901552,98.45
1642.527427026,164.9926206796669,98.46
1642.527627026,195.96682691095427,98.47
1642.5278270259998,145.0090380981142,98.48
1642.528027026,136.94638555684747,98.49
1642.528227026,96.55113601510149,98.5
1642.528427026,146.6355872624319,98.51
1642.5286270259999,182.58623449946538,98.52
1642.528827026,132.10872638075182,98.53
1642.529027026,179.38209619346225,98.54
1642.529227026,158.75699039297336,98.55
1642.529427026,131.75171218364605,98.56
1642.5296270259998,88.52869450001393,98.57
1642.529827026,170.33057538296327,98.58
1642.530027026,119.84325746289888,98.59
1642.530227026,159.05179523833758,98.6
1642.5304270259999,164.91415529934326,98.61
1642.530627026,99.19915997844569,98.62
1642.530827026,128.45651511603964,98.63
1642.531027026,114.39591474633582,98.64
1642.531227026,173.8587378434617,98.65
1642.5314270259998,121.05855409951369,98.66
1642.531627026,137.74319636834375,98.67
1642.531827026,96.40861022134257,98.68
1642.532027026,166.6134477319864,98.69
1642.5322270259999,178.31484148636818,98.7
1642.532427026,75.15113801741882,98.71
1642.532627026,89.51829288664705,98.72
1642.532827026,133.53044267215577,98.73
1642.533027026,144.7995529571037,98.74
1642.5332270259998,154.61166315899607,98.75
1642.533427026,147.11226134159352,98.76
1642.533627026,111.69746214012609,98.77
1642.533827026,181.20362516300293,98.78
1642.5340270259999,128.0309017815745,98.79
1642.534227026,88.36814531085261,98.8
1642.534427026,113.34949280507863,98.81
1642.534627026,77.61931770841608,98.82
1642.534827026,114.79778184977533,98.83
1642.5350270259999,71.77707648870489,98.84
1642.535227026,71.52804407129352,98.85
1642.535427026,133.8860699861495,98.86
1642.535627026,112.26052935671413,98.87
1642.5358270259999,81.95050298934767,98.88
1642.5360270259998,177.46773580948633,98.89
1642.536227026,145.17063928879995,98.9
1642.536427026,99.46961187028108,98.91
1642.536627026,34.37652527672343,98.92
1642.5368270259999,128.83140111349167,98.93
1642.537027026,98.7073086552522,98.94
1642.537227026,116.55059144478177,98.95
1642.537427026,115.16240896399874,98.96
1642.5376270259999,124.78823224659473,98.97
1642.5378270259998,130.35526343310565,98.98
1642.538027026,62.09015541622072,98.99
1642.538227026,89.99998286842022,99.0
1642.538427026,26.077645071305056,99.01
1642.5386270259999,124.70089335210754,99.02
1642.538827026,105.44459873921416,99.03
1642.539027026,109.99891885092131,99.04
1642.539227026,159.42144904054018,99.05
1642.5394270259999,88.0716364131543,99.06
1642.5396270259998,94.66896587616301,99.07
1642.539827026,83.69044338462456,99.08
1642.540027026,93.82441112232759,99.09
1642.540227026,146.43047030202752,99.1
1642.5404270259999,74.07853397468376,99.11
1642.540627026,108.90041872341212,99.12
1642.540827026,45.29441447633797,99.13
1642.541027026,116.3258075114631,99.14
1642.541227026,27.84032206023005,99.15
1642.5414270259998,99.7266281893535,99.16
1642.541627026,125.5519304830113,99.17
1642.541827026,0.0,99.18
1642.542027026,110.94531761560793,99.19
1642.5422270259999,113.88172541558824,99.2
1642.542427026,48.318043100070376,99.21
1642.542627026,98.14748726186735,99.22
1642.542827026,119.2754748124884,99.23
1642.543027026,98.34606047326406,99.24
1642.5432270259998,27.02791210476017,99.25
1642.543427026,0.0,99.26
1642.543627026,23.14473911101053,99.27
1642.543827026,47.41210183642026,99.28
1642.5440270259999,36.407804909393434,99.29
1642.544227026,39.16525213559739,99.3
1642.544427026,72.4392216584856,99.31
1642.544627026,59.07397228963862,99.32
1642.544827026,56.966200848899334,99.33
1642.5450270259998,116.02247923985544,99.34
1642.545227026,26.76160086684441,99.35
1642.545427026,0.0,99.36
1642.545627026,19.495404242700296,99.37
1642.5458270259999,129.6920607479583,99.38
1642.546027026,28.7973780057675,99.39
1642.546227026,135.94514928195713,99.4
1642.546427026,63.148347833271146,99.41
1642.546627026,80.0124506555656,99.42
1642.5468270259998,61.19257708423371,99.43
1642.547027026,91.684236206366,99.44
1642.547227026,53.34759728354918,99.45
1642.547427026,36.40124115652637,99.46
1642.5476270259999,105.32337335898956,99.47
1642.547827026,38.96200839770179,99.48
1642.548027026,62.123801517772776,99.49
1642.548227026,55.85956190395705,99.5
1642.548427026,77.98204709735009,99.51
1642.5486270259998,0.0,99.52
1642.548827026,34.136468421951065,99.53
1642.549027026,1.6215427483016498,99.54
1642.549227026,57.427826775302854,99.55
1642.5494270259999,44.62220414622548,99.56
1642.549627026,112.94800727269076,99.57
1642.549827026,36.696141758235676,99.58
1642.550027026,0.0,99.59
1642.550227026,38.82891305379479,99.6
1642.5504270259999,4.054361819851245,99.61
1642.550627026,59.03121573783889,99.62
1642.550827026,80.5891834898911,99.63
1642.551027026,38.61916118497004,99.64
1642.5512270259999,50.32307815850896,99.65
1642.5514270259998,54.75252245418194,99.66
1642.551627026,0.0,99.67
1642.551827026,18.741899071035352,99.68
1642.552027026,17.583356188824656,99.69
1642.5522270259999,80.6133028737576,99.7
1642.552427026,57.1311380893391,99.71
1642.552627026,104.72348862741758,99.72
1642.552827026,8.751797923554047,99.73
1642.5530270259999,72.7992466548734,99.74
1642.5532270259998,0.0,99.75
1642.553427026,0.0,99.76
1642.553627026,30.45580891085622,99.77
1642.553827026,52.83619113688946,99.78
1642.5540270259999,21.38370486164478,99.79
1642.554227026,14.535235561124662,99.8
1642.554427026,71.40866997080457,99.81
1642.554627026,0.0,99.82
1642.5548270259999,0.0,99.83
1642.5550270259998,8.892510371770063,99.84
1642.555227026,2.1231745000400597,99.85
1642.555427026,18.39227475486367,99.86
1642.555627026,65.75403354434154,99.87
1642.5558270259999,0.0,99.88
1642.556027026,33.73341488965241,99.89
1642.556227026,0.0,99.9
1642.556427026,26.315674300382497,99.91
1642.556627026,0.0,99.92
1642.5568270259998,1.1892185169406355,99.93
1642.557027026,0.0,99.94
1642.557227026,10.657933457781796,99.95
1642.557427026,0.0,99.96
1642.5576270259999,73.73577439286598,99.97
1642.557827026,0.0,99.98
1642.558027026,1.3311415111117155,99.99
